    10 182117      -      -      1           0    0.022581     480654.953367  -89.542667  61.862722  -61.262528  73.736944  -74.723139  65.441139  -74.723417  65.441306
  2669 190296      -      -      1           0    0.064842     34.5777413932  -67.027917   65.27425  -66.908278  65.362444  -67.022722  65.294361  -67.024111  65.294306
  4479 287652      -      -      1           0    0.101755     14.6805841439  -67.209556  65.917583  -67.129111  65.989972  -67.209417  65.979611  -67.211639   65.97975
  5442 267540      -      -      1           0      0.0738     10.4751995026  -67.183667  65.315778   -67.08575  65.356167  -67.170169  65.332661  -67.169278  65.332111
  6131 190296      -      -      1           0    0.064842     8.62408873577    -67.0765  65.257639  -67.024111  65.308833  -67.024111  65.294306  -67.022722  65.294361
  6468 195041      -      -      1           0    0.051237     7.88883607071  -74.629389  64.496194  -74.519944  64.540556  -74.580083  64.522056  -74.580361  64.521611
  6765 267628      -      -      1           0     0.09615     7.24668304718   -67.01175  62.699944  -66.918444      62.74  -67.010472  62.703083  -67.012333  62.703222
  6857 267550      -      -      1           0    0.076199     7.08714397805  -67.746778  65.888556  -67.690111  65.934139  -67.744833  65.917139    -67.7465  65.917056
  7677 182141      -      -      1           0    0.065433     5.81897482624  -66.948083  62.009167  -66.870083  62.032694  -66.935778  62.029806  -66.935361  62.030361
  9634 287643      -      -      1           0    0.099559       3.940867554  -66.056556  62.028389  -66.006778  62.054944  -66.023528  62.049694  -66.022833  62.050528
 10164 287641      -      -      1           0    0.099433     3.58245205761  -65.148056  64.345111  -65.076833  64.382639   -65.13375  64.346306  -65.135417  64.345778
 10326 267571      -      -      1           0    0.081382     3.48285233727  -69.528083   62.59275   -69.48525  62.618333  -69.491778  62.616583  -69.490306  62.616861
 10575 267566      -      -      1           0    0.080413     3.34332472664  -67.246972  62.053389  -67.188806  62.075806  -67.240667  62.069833  -67.241722  62.070361
 14490 201808      -      -      1           0    0.079768     1.96219579642  -67.401056  65.528528  -67.363056  65.542528   -67.37584  65.529422     -67.377  65.528889
 15995 267615      -      -      1           0    0.091214     1.65164113866   -68.27125  65.936889  -68.232972  65.955806  -68.253194  65.955806  -68.253234  65.956626
 16850 203492      -      -      1           0    0.080366     1.51395492803   -69.58325  62.691972  -69.550139  62.707583  -69.563778  62.707167  -69.565278  62.707389
 17037 267554      -      -      1           0    0.077169     1.48698689686  -68.854056  63.724583  -68.825139  63.738528  -68.840139  63.737028  -68.840139  63.737722
 17805 203492      -      -      1           0    0.080366      1.3877665977  -69.576556  62.705944  -69.542583   62.71925  -69.565278  62.707389  -69.563778  62.707167
 18493 267555      -      -      1           0    0.077182     1.30563655526  -67.330194  62.080083  -67.308694  62.096556  -67.312917  62.081972  -67.312944  62.081278
 19669 205386      -      -      1           0    0.063617     1.17212254844  -65.942972  65.937639  -65.915056  65.949972  -65.922583  65.949667  -65.921194   65.94975
 20200 267587      -      -      1           0    0.084491     1.11979379857  -67.846444  65.750833  -67.815028  65.761472  -67.839694  65.759167    -67.8415  65.759333
 20979 190298      -      -      1           0    0.084643     1.04741460438  -67.052806  65.309139  -67.027194  65.321417    -67.0275  65.314306  -67.025861  65.314639
 21434 267538      -      -      1           0    0.073101     1.00921541404  -67.998167  65.945111  -67.976167  65.957583  -67.978528  65.957111  -67.977667  65.957667
 21638 267595      -      -      1           0    0.087289    0.991800578379  -66.247972  61.853694  -66.219806  61.863778     -66.237  61.863778  -66.237778  61.864472
 22269 267525      -      -      1           0    0.068305    0.945950636075  -69.911806  62.868583  -69.886944  62.880111  -69.889528  62.875972  -69.889389  62.876583
 22316 267631      -      -      1           0     0.09743     0.94257673988  -82.047778  69.867972  -81.997944  69.876222  -82.046556  69.870917  -82.049056  69.871083
 22981 267563      -      -      1           0    0.078903    0.899679607679  -68.154667  63.579472  -68.135472  63.599139  -68.135936  63.584556  -68.135028  63.585139
 23009 267524      -      -      1           0    0.067802    0.897978639928  -67.330139  62.120917  -67.298833  62.128306  -67.307592  62.121133  -67.306917  62.120611
 24164 287644      -      -      1           0    0.099893    0.828622125819  -82.324278  69.853389  -82.287139   69.86125  -82.288333    69.8605  -82.286222  69.861028
 24850 267570      -      -      1           0    0.081119    0.789797994465   -65.96175     62.235  -65.940333  62.248361  -65.954583  62.238111  -65.956139  62.238028
 26186 267593      -      -      1           0    0.086592    0.722230039544   -68.76275  62.324028  -68.733361  62.331806  -68.744806  62.331806  -68.744694  62.332583
 26348 267535      -      -      1           0    0.072907    0.715113970216  -68.104944  63.567639  -68.089667  63.581722  -68.102583  63.579917  -68.103722  63.580333
 27302 287658      -      -      1           0    0.102864    0.673057295362  -66.357333  64.915306  -66.333611  64.923167  -66.354222  64.915944  -66.353917  64.915028
 27492 267626      -      -      1           0    0.095335    0.665140462252  -69.934833  62.778611  -69.915472   62.78825  -69.932472  62.786361  -69.933722     62.787
 28533 190297      -      -      1           0    0.068845      0.6270485446  -67.024972  65.295139  -67.005056  65.303917  -67.013278  65.295139  -67.012133  65.294746
 28660 210523      -      -      1           0    0.077804    0.622418595152  -69.823278  62.784444  -69.798694  62.799194  -69.820944     62.795  -69.822444  62.795139
 28973 182121      -      -      1           0     0.03957    0.611771010515  -67.316611  62.072722  -67.300944  62.083278  -67.303972  62.076778   -67.30325  62.076889
 29539 201808      -      -      1           0    0.079768    0.592192328134  -67.393194  65.521806  -67.369806  65.528917     -67.377  65.528889   -67.37584  65.529422
 30039 267578      -      -      1           0    0.082524    0.575735708002  -66.981917  62.036028  -66.963361  62.045139  -66.968722  62.038139  -66.967917    62.0375
 30281 267530      -      -      1           0     0.07061    0.569070583835  -68.163972  65.933472  -68.142444  65.941722  -68.144722  65.937056  -68.143611  65.936611
 30748 211569      -      -      1           0    0.065468    0.555429302642  -66.872194  61.995083  -66.856778  62.004833  -66.866139  62.004778  -66.866694  62.005306
 30846 267553      -      -      1           0    0.076902     0.55258237253  -68.437806  63.446167  -68.421944  63.457667  -68.425306  63.446167  -68.426833  63.446056
 32898 267545      -      -      1           0    0.075038    0.497026182272  -67.001806  62.031667  -66.983417     62.038  -66.992167  62.037806  -66.991556  62.038417
 33278 212948      -      -      1           0    0.072734    0.487264423801  -68.782667  62.326306  -68.764444  62.335833  -68.771806  62.326944  -68.773194  62.326833
 33557 267532      -      -      1           0    0.071866    0.480172267817  -67.788778   62.16425  -67.770778  62.174806  -67.780833  62.174389  -67.779946  62.174885
 34206 267596      -      -      1           0    0.087326    0.465152936989  -67.256528  62.885028  -67.242167  62.894139  -67.246194  62.885361  -67.244472  62.885333
 34482 267552      -      -      1           0    0.076648    0.459470958092  -67.438417  65.890833  -67.415944    65.8965  -67.437528  65.894556  -67.438167  65.895194
 34546 267624      -      -      1           0    0.094783    0.458094190655  -69.914972  62.876056  -69.901944  62.885111  -69.901472  62.879944  -69.903333  62.879861
 35473 182133      -      -      1           0    0.059226    0.439481709722  -69.621694  62.729472  -69.606972  62.737639  -69.610833  62.737583  -69.611472  62.738028
 36319 287651      -      -      1           0    0.101162    0.421625247167  -82.323861  69.862083    -82.2905  69.866361  -82.306361  69.866083  -82.307417  69.866917
 36875 214732      -      -      1           0    0.075646    0.411549249239  -68.693056  62.294306  -68.670444  62.300333  -68.691472  62.297611  -68.692833  62.297361
 37389 287642      -      -      1           0    0.099457    0.402119916406  -75.308528  64.460806  -75.285861    64.4725     -75.286  64.462111  -75.284028  64.462389
 37391 267589      -      -      1           0    0.085085    0.402093717306  -66.572917  61.925944  -66.556778  61.933361  -66.566972  61.926083  -66.568528  61.925861
 37657 215158      -      -      1           0    0.084926    0.397342740528  -66.364083  66.243694  -66.342167  66.249722  -66.362472  66.246722  -66.363694  66.247306
 37795 211569      -      -      1           0    0.065468    0.394819043677  -66.876111  62.005167  -66.863556  62.012528  -66.866694  62.005306  -66.866139  62.004778
 37929 287646      -      -      1           0    0.100009    0.392644640429  -74.573583  68.828556  -74.541944  68.835139  -74.554944  68.835139  -74.553833  68.835944
 38168 182138      -      -      1           0    0.063699    0.388569265385  -66.918222  65.207639  -66.907111  65.216611  -66.913502  65.216565  -66.914083  65.217083
 38243 267581      -      -      1           0    0.083401    0.387441153982  -67.588111  65.661028  -67.573611   65.66925  -67.581972  65.661028  -67.583528  65.660639
 39074 267586      -      -      1           0    0.084278    0.373231295099  -68.832694    62.3725  -68.814778  62.380722  -68.821889  62.377694  -68.820778   62.37825
 39260 267611      -      -      1           0    0.090653    0.369820960343  -73.601389  64.605889  -73.581722  64.611361  -73.581722  64.609194  -73.579861  64.609361
 39328 267598      -      -      1           0    0.088014    0.368659060968  -67.605972  62.159167  -67.592417  62.165611  -67.605833  62.161694  -67.607528  62.161694
 39915 216206      -      -      1           0     0.07292    0.359279940437  -67.534917  65.665611    -67.5235   65.67425    -67.5235  65.669361  -67.522556  65.668833
 40066 267558      -      -      1           0    0.077511     0.35713173557  -67.793167     65.611  -67.776972  65.619167  -67.786333  65.611667  -67.784694    65.6115
 40268 267564      -      -      1           0     0.08006    0.353983543568  -68.054944   62.19925  -68.044889  62.209778    -68.0455  62.204944  -68.044389  62.205444
 40396 182124      -      -      1           0    0.048667    0.352145868374  -67.295111  62.120444  -67.278861  62.126694  -67.279306  62.123639  -67.278583  62.123917
 40560 287653      -      -      1           0    0.101945    0.349766325657  -65.318472  62.658444   -65.30675  62.665917  -65.314972  62.665917  -65.315056  62.666833
 40756 205386      -      -      1           0    0.063617    0.347006358149  -65.922833  65.945111  -65.906694  65.952444  -65.921194   65.94975  -65.922583  65.949667
 41233 214732      -      -      1           0    0.075646    0.340166799699  -68.701333  62.290083  -68.689444    62.2975  -68.692833  62.297361  -68.691472  62.297611
 42077 182136      -      -      1           0    0.062684    0.328640065859  -68.283361  62.223389  -68.266889   62.22875  -68.266889   62.22625  -68.265872  62.225945
 42458 267559      -      -      1           0    0.077903    0.323499797659  -69.576778    62.6595  -69.560333  62.664917  -69.565111    62.6595  -69.566163  62.658992
 42703 267541      -      -      1           0    0.074263    0.320413698632  -66.656139  61.961806  -66.638556  61.967111  -66.647278  61.967056  -66.647777  61.967681
 44189 182140      -      -      1           0    0.065392    0.303455823371  -66.581861  62.577667  -66.567972  62.583333  -66.578667  62.578639  -66.579083  62.578083
 45246 267590      -      -      1           0    0.085549     0.29203070072  -67.189806   62.09525  -67.176944  62.100917  -67.187056  62.100778  -67.188611  62.101028
 45407 267537      -      -      1           0    0.073087    0.290398796793  -68.228444  65.973528  -68.217806  65.980917  -68.223722  65.973778  -68.224583  65.973222
 45624 267622      -      -      1           0    0.094653    0.288138807688  -69.983917  62.805306   -69.96875  62.813111  -69.980917  62.810278  -69.980479  62.811105
 46254 216206      -      -      1           0     0.07292    0.281670149552  -67.528472  65.662694  -67.516861  65.669194  -67.522556  65.668833    -67.5235  65.669361
 46699 267619      -      -      1           0    0.094228    0.277117623173  -68.714556  62.299167  -68.701944  62.304194  -68.701944  62.302361  -68.700472  62.302861
 46981 267585      -      -      1           0    0.083973    0.274528070311   -67.02125  62.035167  -67.010444  62.041694   -67.02125  62.036361  -67.022833    62.0365
 47262 182131      -      -      1           0    0.053788    0.271825566576  -66.158361  62.945139  -66.143778  62.950111  -66.144806  62.948333  -66.144389  62.948778
 47903 182139      -      -      1           0    0.064376    0.265946176598  -69.994694  62.796833  -69.978361  62.801611  -69.991056       62.8  -69.992167  62.800278
 47958 267568      -      -      1           0    0.080533    0.265437825658  -75.608778  65.306083   -75.59275  65.317194  -75.608111   65.30775  -75.609222  65.308306
 48324 267594      -      -      1           0    0.087126    0.262119967937  -66.454917     62.341  -66.441694  62.345972  -66.452278  62.344806  -66.453833  62.345111
 48526 182125      -      -      1           0    0.050101    0.260266159117  -66.169833  62.948806  -66.158889  62.955028  -66.159833  62.953472  -66.159333  62.953861
 48713 267579      -      -      1           0    0.082796    0.258708379679  -68.063306  65.793778  -68.050167  65.799306  -68.059667  65.793889  -68.060111  65.793167
 49375 220423      -      -      1           0     0.07502    0.252887584579  -75.696806  64.368278  -75.676472   64.37425  -75.684423  64.369976  -75.685528    64.3695
 49700 287648      -      -      1           0    0.100383    0.250216055937  -67.278417  62.060167  -67.268667  62.067194  -67.274722  62.067194  -67.276021  62.067861
 49914 267580      -      -      1           0    0.083168    0.248259307454  -67.724917  62.975083  -67.712056  62.980667  -67.724917  62.978278  -67.726153  62.977784
 49953 267549      -      -      1           0    0.075755     0.24788364472  -63.492583  65.420389  -63.480917   65.42625  -63.480944    65.4225  -63.479306    65.4225
 50262 182137      -      -      1           0     0.06353    0.245343772594   -66.96825  62.019139  -66.954917     62.024  -66.966056  62.023389     -66.967   62.02375
 51492 267557      -      -      1           0    0.077424    0.236277622263     -67.606  62.941694  -67.595222    62.9475  -67.605861    62.9445  -67.607361  62.944639
 52128 182134      -      -      1           0    0.060103    0.231669134277    -66.1985  62.344361  -66.189972  62.351028  -66.198278  62.344944  -66.199278  62.344667
 52291 267605      -      -      1           0    0.089554    0.230471945862  -64.894222  63.179556    -64.8775  63.184583  -64.890028  63.180417  -64.890083  63.181222
 53552 267604      -      -      1           0    0.089521    0.221854155229  -68.937556  62.362278  -68.927861  62.368556  -68.927861  62.364889  -68.927707  62.365691
 53781 182132      -      -      1           0    0.058819    0.220137480125  -68.952417  62.366833  -68.941722  62.372361  -68.952417  62.369917    -68.9535  62.370083
 54673 267565      -      -      1           0    0.080401    0.214463816796  -67.638444  62.144972     -67.627  62.149639  -67.637444  62.149639  -67.637528  62.150361
 55647 182128      -      -      1           0    0.052484    0.208014139032  -66.174028  64.882778  -66.162806  64.888444  -66.168306  64.882778  -66.168306  64.882306
 56162 267572      -      -      1           0    0.081477    0.204622487368  -68.108583  65.805944  -68.096722  65.810833  -68.097778  65.811389  -68.098083  65.810667
 56271 267533      -      -      1           0    0.072053    0.203921939317  -68.048833  65.980944  -68.037222  65.985694  -68.048611  65.984361  -68.049306  65.984944
 56671 267528      -      -      1           0    0.069288    0.201490404206  -62.820889  66.814583  -62.809194  66.819583  -62.820889  66.819139  -62.822472  66.819139
 57760 267523      -      -      1           0    0.067259    0.195019400702  -68.098306  65.810167  -68.084028  65.814222  -68.089778  65.814083  -68.088778  65.814528
 58254 287659      -      -      1           0    0.103278    0.192358285497  -68.739139  62.317472  -68.729361  62.323222  -68.734833  62.323167  -68.734083  62.324028
 59170 210523      -      -      1           0    0.077804    0.187423587781  -69.828028  62.789278  -69.818861  62.795806  -69.822444  62.795139  -69.820944     62.795
 59307 182126      -      -      1           0    0.050605    0.186738027522  -68.040333  65.788611  -68.028722  65.793583  -68.034533  65.788633  -68.034056  65.788222
 60819 267544      -      -      1           0    0.074816     0.17874203176  -69.952917  62.828528  -69.943694  62.833472  -69.943694  62.830306  -69.942861  62.830861
 61679 267620      -      -      1           0    0.094382    0.174467957827  -68.248889  62.214194  -68.238167  62.218889  -68.248889  62.218278  -68.250507  62.217889
 62010 182135      -      -      1           0    0.060601    0.173032162753  -69.928417  62.857722  -69.919028  62.864028  -69.920194  62.864028  -69.919389  62.864431
 62283 215158      -      -      1           0    0.084926    0.171825950488   -66.37125  66.246278  -66.362306  66.252083  -66.363694  66.247306  -66.362472  66.246722
 65235 267546      -      -      1           0     0.07548    0.158618185053  -61.620917  66.802917  -61.610861  66.807111  -61.610861     66.805  -61.609139  66.804972
 65377 267536      -      -      1           0    0.072992    0.158157876887  -69.799944  62.800139     -69.792  62.806444     -69.792  62.802667  -69.790889  62.803083
 65741 267567      -      -      1           0    0.080469    0.156849708029    -69.9225  62.787667  -69.912139  62.792028  -69.912139  62.789361  -69.911179  62.789936
 66437 267573      -      -      1           0    0.081606     0.15379638543  -76.917361  69.596306  -76.903333  69.601472   -76.91625  69.598472  -76.918083  69.598833
 66801 267569      -      -      1           0    0.080657    0.152342156322  -68.103694   65.98325  -68.093222  65.986778    -68.1015   65.98325  -68.100278  65.982722
 67071 287638      -      -      1           0    0.097827    0.151310789255  -68.088028  65.968389  -68.080278  65.973361  -68.086611  65.973361  -68.088734  65.973524
 67654 267531      -      -      1           0    0.070774    0.149277591431  -69.658083    62.7735  -69.650194  62.778306  -69.655222  62.778194  -69.654361  62.778694
 68084 210524      -      -      1           0    0.078607    0.147885102417  -69.819528  62.785222  -69.810167  62.789139  -69.819917  62.789528  -69.818889     62.789
 68798 267630      -      -      1           0    0.096536    0.145333678752  -67.878056  68.800722  -67.859111  68.803972  -67.869667  68.803972     -67.869  68.804806
 68912 212948      -      -      1           0    0.072734    0.144853098032  -68.779778  62.324278  -68.771944  62.329861  -68.773194  62.326833  -68.771806  62.326944
 69793 203493      -      -      1           0    0.092772    0.141589486268  -69.551417  62.700222  -69.543583  62.704222  -69.548639  62.700278  -69.550139  62.699806
 71431 267584      -      -      1           0    0.083645    0.136163097353  -64.892528  63.175389  -64.885861  63.180417    -64.8925  63.177472  -64.894167  63.177483
 73160 267609      -      -      1           0    0.089668    0.130839423261  -64.732583  62.863722  -64.722528  62.867111  -64.730083  62.867111  -64.730139  62.867917
 73535 267548      -      -      1           0    0.075614    0.129703039787   -63.76425  65.028694  -63.754139  65.032083   -63.76425      65.03  -63.765861  65.029991
 75131 182120      -      -      1           0    0.038595    0.124816004095  -69.823389  62.821028  -69.817083     62.826  -69.817139  62.824194  -69.816389   62.82425
 79487 267556      -      -      1           0    0.077293    0.114008931746  -69.990722  62.778806  -69.982111  62.783361  -69.989833  62.778806  -69.989806  62.778111
 79703 267602      -      -      1           0    0.088909    0.113502870885  -77.789417  70.246694  -77.780722  70.251667  -77.781833    70.2505  -77.780056  70.251028
 79904 267529      -      -      1           0    0.070046    0.113079200112  -63.510917  67.113694  -63.504111  67.117917  -63.510861     67.115  -63.512481  67.114995
 80762 267582      -      -      1           0    0.083409    0.110969021529   -68.50475  62.251111  -68.498528  62.255889  -68.502889  62.255667  -68.502861  62.256417
 80793 267526      -      -      1           0    0.068518    0.110880305851  -63.557611  67.090417  -63.545806  67.094556  -63.557611  67.091667  -63.559194  67.091667
 85503 195041      -      -      1           0    0.051237    0.100710734986  -74.583667  64.516806  -74.573278  64.521611  -74.580361  64.521611  -74.580083  64.522056
 89070 182119      -      -      1           0    0.037482   0.0943797838623   -78.26525  64.711333  -78.255389  64.713583  -78.264639  64.711333  -78.264317  64.711025
 90169 267534      -      -      1           0    0.072234   0.0921585511728  -66.480694     66.204  -66.469528  66.206556  -66.471972  66.206306  -66.470944  66.206806
 92086 234866      -      -      1           0    0.082204   0.0892876139424  -64.992583  63.170389   -64.98425  63.174556  -64.989194  63.170806  -64.987556  63.170806
 94743 267607      -      -      1           0    0.089623   0.0848171607746  -63.449278  65.072889    -63.4425   65.07625  -63.448417  65.072889  -63.448417  65.072083
 95935 287640      -      -      1           0    0.098405   0.0827850816566  -85.448472  72.238583  -85.440389  72.242444  -85.442583  72.242306  -85.441194  72.243083
 95969 182117      -      -      1           0    0.022581   0.0827403101151  -74.733111  65.440972  -74.723417  65.444361  -74.723417  65.441306  -74.723139  65.441139
 96277 267616      -      -      1           0    0.091322     0.08238804724  -76.084444  65.278722  -76.074389  65.281556  -76.080972  65.278722  -76.081361  65.277917
105932 182130      -      -      1           0    0.053559   0.0706722861543  -74.617139  64.548417  -74.609472  64.551556  -74.617139  64.550694  -74.618056  64.550417
108290 287655      -      -      1           0    0.102445   0.0675311995362  -85.212361  72.243694  -85.197389  72.246167  -85.198167  72.243806  -85.195389  72.243444
108310 239001      -      -      1           0    0.076151   0.0674942075079  -78.529667   70.29875  -78.520389   70.30125  -78.520389  70.299861  -78.518917  70.299389
109711 234866      -      -      1           0    0.082204   0.0657465103193  -64.987556  63.170361  -64.980861  63.172889  -64.987556  63.170806  -64.989194  63.170806
111501 267600      -      -      1           0    0.088421    0.064168584786  -74.122722  64.362833  -74.115667  64.365306  -74.122722   64.36475  -74.124444  64.364472
116422 182129      -      -      1           0    0.053367   0.0592392381764  -76.018167  65.278611  -76.008222  65.280639   -76.01228   65.28049  -76.013417  65.280556
116702 267575      -      -      1           0    0.081971   0.0589567008019  -64.577611  63.291222  -64.572528   63.29375  -64.572556  63.291611  -64.570917  63.291639
118514 267574      -      -      1           0    0.081728   0.0572022759559  -77.321306  65.466278  -77.311833  65.469472  -77.321306  65.469389  -77.321889  65.470083
120477 267542      -      -      1           0    0.074482   0.0557118448453  -63.982556  67.232111  -63.977583  67.235417  -63.982472  67.233333  -63.984203  67.233339
122955 182118      -      -      1           0    0.037154   0.0537829870976  -76.067583  71.699278  -76.054333  71.700806  -76.067389  71.699417  -76.067224  71.699087
124648 267627      -      -      1           0    0.096051   0.0520602357847  -75.065861  65.384278  -75.062028  65.387806   -75.06325  65.384278  -75.063417  65.383417
125095 267560      -      -      1           0    0.078057   0.0515847980694  -74.889583  65.392111  -74.880417  65.394528  -74.880417  65.393139  -74.879306  65.393667
125257 267597      -      -      1           0    0.087613   0.0513926824074  -64.587528  63.240361  -64.582472  63.242917    -64.5875  63.240833   -64.58925  63.240833
127156 182122      -      -      1           0    0.045441   0.0492754016133  -76.048611  71.699472  -76.039889  71.701389  -76.046278  71.701194  -76.047028  71.701528
127446 267576      -      -      1           0    0.082229   0.0490058660079  -64.517583  63.685389  -64.510972   63.68875   -64.51425  63.685861  -64.515917  63.685833
133622 267562      -      -      1           0    0.078196    0.045290424433  -67.684083  66.231417  -67.679111  66.234194  -67.680889  66.231667  -67.679917  66.231083
136432 267583      -      -      1           0    0.083464   0.0426389453218  -75.359194  64.497472  -75.354861  64.499806  -75.358028  64.499806  -75.357534  64.500526
137398 267588      -      -      1           0     0.08466   0.0416906813816  -73.655556  64.389417  -73.650056  64.391833  -73.652472  64.391583  -73.650889  64.391917
140579 287645      -      -      1           0    0.099988   0.0390050731045  -77.485111  65.367167  -77.480278  65.369194  -77.480861  65.369028  -77.479278  65.369639
142963 267601      -      -      1           0    0.088554   0.0377747959988  -74.728806  65.437778  -74.724139  65.439667  -74.725083  65.439667  -74.723167  65.439667
146104 267543      -      -      1           0    0.074487   0.0354136632052  -78.103111  64.791778  -78.097333  64.793417  -78.098694  64.791778  -78.098222  64.791139
146665 267547      -      -      1           0    0.075585   0.0349370827824   -63.09425  67.142111   -63.08925  67.143694   -63.08925  67.143306    -63.0875  67.143306
155413 267592      -      -      1           0    0.086398   0.0290570396654  -75.016806  65.384333  -75.012972  65.386278  -75.015167  65.384333  -75.015167  65.383556
155921 267608      -      -      1           0    0.089624   0.0287599989703  -75.076944  65.389528  -75.072444  65.391111  -75.076944   65.38975  -75.078861  65.389639
156917 287657      -      -      1           0    0.102516   0.0280750837856  -74.726889  64.378861  -74.722833  64.380806  -74.723611  64.380583  -74.722139   64.38125
156971 267561      -      -      1           0    0.078187   0.0280328346828  -79.504111  70.375028  -79.498056  70.376583  -79.499833  70.375028  -79.498667  70.374444
157652 182127      -      -      1           0    0.050624   0.0275409500651  -76.954722  69.598944  -76.950417    69.6015  -76.954722  69.599417  -76.955863  69.599639
159010 287647      -      -      1           0    0.100354   0.0264284357125  -71.400611  63.587556  -71.397028  63.589444  -71.400611     63.589  -71.402639  63.588972
159034 267618      -      -      1           0    0.092635   0.0264081776641  -63.550972   65.04125  -63.547444  65.042917  -63.550139   65.04125  -63.550111  65.040417
160576 220424      -      -      1           0    0.096114   0.0246934625449  -75.681639  64.371694  -75.677556  64.373278  -75.680722  64.371694  -75.682306  64.371167
161598 267617      -      -      1           0    0.091681   0.0234210226043  -74.910111  65.381556     -74.906  65.383194  -74.908611  65.381556  -74.909028   65.38075
161680 287639      -      -      1           0    0.098096   0.0233114626945  -74.064639  68.676861  -74.060944  68.678806  -74.062667  68.676861  -74.064417   68.67625
161940 287654      -      -      1           0    0.101949     0.02292067642  -85.447111     72.131  -85.440583  72.132389  -85.440583  72.131972  -85.439556  72.132833
162469 267610      -      -      1           0    0.090501   0.0223237823585  -75.653861   65.32675  -75.650722  65.328972  -75.650972  65.327167  -75.649194  65.326833
165390 239001      -      -      1           0    0.076151   0.0202630866233  -78.518917  70.298583  -78.514917  70.300222  -78.518917  70.299389  -78.520389  70.299861
166414 267623      -      -      1           0    0.094687   0.0192163858711  -67.346722     66.287  -67.343611  66.288583  -67.346278  66.288583  -67.345629  66.289394
166866 267577      -      -      1           0     0.08231   0.0186512567471  -66.813722  68.421611  -66.808667  68.422861  -66.813722  68.422278  -66.815556  68.422583
168985 220423      -      -      1           0     0.07502   0.0149489396441  -75.687222  64.367972  -75.684083    64.3695  -75.685528    64.3695  -75.684423  64.369976
169353 287649      -      -      1           0    0.100831   0.0142725328275  -73.747222  68.515139  -73.742583  68.516222  -73.743472  68.516222    -73.7425  68.517056
172130 267612      -      -      1           0    0.090676   0.0124410427281  -74.738556  65.393667  -74.735389  65.394778  -74.735389     65.394  -74.733472  65.394167
174699 267591      -      -      1           0     0.08623   0.0111594431348  -78.964056  70.566389  -78.959778  70.567333  -78.960139  70.566556   -78.96093  70.565827
177147 267551      -      -      1           0    0.076459  0.00793467203843  -75.497667  65.279111  -75.495889  65.280222  -75.497667  65.279889  -75.499306  65.279944
177232 182123      -      -      1           0    0.047231  0.00743465520124  -78.948083  70.570667  -78.944333  70.571556  -78.944333  70.570833  -78.944092  70.570416
179317 287636      -      -      1           0    0.097625  0.00285454929226  -78.998167  70.565972  -78.995806  70.566611  -78.995806  70.565972  -78.993208  70.565819
182117 182118  95969     10      2    0.022581    0.037154   480655.03610731  -89.542667  61.862722  -61.262528  73.736944  -76.067224  71.699087  -76.067389  71.699417
182118 182119 122955 182117      3    0.037154    0.037482  480655.089890297  -89.542667  61.862722  -61.262528  73.736944  -78.264317  64.711025  -78.264639  64.711333
182119 182120  89070 182118      4    0.037482    0.038595  480655.184270081  -89.542667  61.862722  -61.262528  73.736944  -69.816389   62.82425  -69.817139  62.824194
182120 182121  75131 182119      5    0.038595     0.03957  480655.309086085  -89.542667  61.862722  -61.262528  73.736944   -67.30325  62.076889  -67.303972  62.076778
182121 182122  28973 182120      6     0.03957    0.045441  480655.920857096  -89.542667  61.862722  -61.262528  73.736944  -76.047028  71.701528  -76.046278  71.701194
182122 182123 127156 182121      7    0.045441    0.047231  480655.970132497  -89.542667  61.862722  -61.262528  73.736944  -78.944092  70.570416  -78.944333  70.570833
182123 182124 177232 182122      8    0.047231    0.048667  480655.977567152  -89.542667  61.862722  -61.262528  73.736944  -67.278583  62.123917  -67.279306  62.123639
182124 182125  40396 182123      9    0.048667    0.050101  480656.329713021  -89.542667  61.862722  -61.262528  73.736944  -66.159333  62.953861  -66.159833  62.953472
182125 182126  48526 182124     10    0.050101    0.050605   480656.58997918  -89.542667  61.862722  -61.262528  73.736944  -68.034056  65.788222  -68.034533  65.788633
182126 182127  59307 182125     11    0.050605    0.050624  480656.776717208  -89.542667  61.862722  -61.262528  73.736944  -76.955863  69.599639  -76.954722  69.599417
182127 182128 157652 182126     12    0.050624    0.052484  480656.804258158  -89.542667  61.862722  -61.262528  73.736944  -66.168306  64.882306  -66.168306  64.882778
182128 182129  55647 182127     13    0.052484    0.053367  480657.012272297  -89.542667  61.862722  -61.262528  73.736944  -76.013417  65.280556   -76.01228   65.28049
182129 182130 116422 182128     14    0.053367    0.053559  480657.071511535  -89.542667  61.862722  -61.262528  73.736944  -74.618056  64.550417  -74.617139  64.550694
182130 182131 105932 182129     15    0.053559    0.053788  480657.142183821  -89.542667  61.862722  -61.262528  73.736944  -66.144389  62.948778  -66.144806  62.948333
182131 182132  47262 182130     16    0.053788    0.058819  480657.414009387  -89.542667  61.862722  -61.262528  73.736944    -68.9535  62.370083  -68.952417  62.369917
182132 182133  53781 182131     17    0.058819    0.059226  480657.634146868  -89.542667  61.862722  -61.262528  73.736944  -69.611472  62.738028  -69.610833  62.737583
182133 182134  35473 182132     18    0.059226    0.060103  480658.073628577  -89.542667  61.862722  -61.262528  73.736944  -66.199278  62.344667  -66.198278  62.344944
182134 182135  52128 182133     19    0.060103    0.060601  480658.305297712  -89.542667  61.862722  -61.262528  73.736944  -69.919389  62.864431  -69.920194  62.864028
182135 182136  62010 182134     20    0.060601    0.062684  480658.478329874  -89.542667  61.862722  -61.262528  73.736944  -68.265872  62.225945  -68.266889   62.22625
182136 182137  42077 182135     21    0.062684     0.06353   480658.80696994  -89.542667  61.862722  -61.262528  73.736944     -66.967   62.02375  -66.966056  62.023389
182137 182138  50262 182136     22     0.06353    0.063699  480659.052313713  -89.542667  61.862722  -61.262528  73.736944  -66.914083  65.217083  -66.913502  65.216565
182138 182139  38168 182137     23    0.063699    0.064376  480659.440882978  -89.542667  61.862722  -61.262528  73.736944  -69.992167  62.800278  -69.991056       62.8
182139 182140  47903 182138     24    0.064376    0.065392  480659.706829155  -89.542667  61.862722  -61.262528  73.736944  -66.579083  62.578083  -66.578667  62.578639
182140 182141  44189 182139     25    0.065392    0.065433  480660.010284978  -89.542667  61.862722  -61.262528  73.736944  -66.935361  62.030361  -66.935778  62.029806
182141 267522   7677 182140     26    0.065433    0.066999  480665.829259804  -89.542667  61.862722  -61.262528  73.736944  -66.872611  62.012694  -66.871583  62.012333
190296 190297   6131   2669      2    0.064842    0.068845    43.20183012897    -67.0765  65.257639  -66.908278  65.362444  -67.012133  65.294746  -67.013278  65.295139
190297 190298  28533 190296      3    0.068845    0.084643    43.82887867357    -67.0765  65.257639  -66.908278  65.362444  -67.025861  65.314639    -67.0275  65.314306
190298 267629  20979 190297      4    0.084643    0.096201    44.87629327795    -67.0765  65.257639  -66.908278  65.362444  -67.069861     65.261     -67.071  65.260278
195041 267539  85503   6468      2    0.051237    0.073638    7.989546805696  -74.629389  64.496194  -74.519944  64.540556    -74.6285  64.532278  -74.629936  64.532039
201808 287637  29539  14490      2    0.079768    0.097799    2.554388124554  -67.401056  65.521806  -67.363056  65.542528  -67.372667  65.541306  -67.373972     65.542
203492 203493  17805  16850      2    0.080366    0.092772     2.90172152573   -69.58325  62.691972  -69.542583   62.71925  -69.550139  62.699806  -69.548639  62.700278
203493 267625  69793 203492      3    0.092772    0.094855    3.043311011998   -69.58325  62.691972  -69.542583   62.71925   -69.54275  62.717167  -69.540889  62.717167
205386 267527  40756  19669      2    0.063617    0.069249    1.519128906589  -65.942972  65.937639  -65.906694  65.952444  -65.908009  65.948909  -65.906778  65.949278
210523 210524  59170  28660      2    0.077804    0.078607    0.809842182933  -69.828028  62.784444  -69.798694  62.799194  -69.818889     62.789  -69.819917  62.789528
210524 267621  68084 210523      3    0.078607    0.094633     0.95772728535  -69.828028  62.784444  -69.798694  62.799194  -69.818833  62.786222  -69.820694  62.786222
211569 267522  37795  30748      2    0.065468    0.066999    0.950248346319  -66.876111  61.995083  -66.856778  62.012528  -66.871583  62.012333  -66.872611  62.012694
212948 287650  68912  33278      2    0.072734    0.100914    0.632117521833  -68.782667  62.324278  -68.764444  62.335833  -68.764587   62.32908   -68.76275  62.329389
214732 267614  41233  36875      2    0.075646    0.091182    0.751716048938  -68.701333  62.290083  -68.670444  62.300333  -68.675556  62.298306  -68.673944  62.298639
215158 267613  62283  37657      2    0.084926    0.090885    0.569168691016   -66.37125  66.243694  -66.342167  66.252083  -66.363528  66.251417  -66.361528  66.251556
216206 267599  46254  39915      2     0.07292    0.088387    0.640950089989  -67.534917  65.662694  -67.516861   65.67425  -67.532167  65.665667  -67.534072  65.665791
220423 220424 168985  49375      2     0.07502    0.096114   0.2678365242231  -75.696806  64.367972  -75.676472   64.37425  -75.682306  64.371167  -75.680722  64.371694
220424 287656 160576 220423      3    0.096114    0.102515    0.292529986768  -75.696806  64.367972  -75.676472   64.37425  -75.696556   64.37425  -75.696549  64.375172
234866 267603 109711  92086      2    0.082204    0.089045   0.1550341242617  -64.992583  63.170361  -64.980861  63.174556  -64.992583  63.170806  -64.994347   63.17072
239001 267606 165390 108310      2    0.076151    0.089584   0.0877572941312  -78.529667  70.298583  -78.514917   70.30125  -78.515639       70.3  -78.513339  70.299781
267522 267523 211569 182141     28    0.066999    0.067259  480666.779508151  -89.542667  61.862722  -61.262528  73.736944  -68.088778  65.814528  -68.089778  65.814083
267523 267524  57760 267522     29    0.067259    0.067802  480666.974527551  -89.542667  61.862722  -61.262528  73.736944  -67.306917  62.120611  -67.307592  62.121133
267524 267525  23009 267523     30    0.067802    0.068305  480667.872506191  -89.542667  61.862722  -61.262528  73.736944  -69.889389  62.876583  -69.889528  62.875972
267525 267526  22269 267524     31    0.068305    0.068518  480668.818456827  -89.542667  61.862722  -61.262528  73.736944  -63.559194  67.091667  -63.557611  67.091667
267526 267527  80793 267525     32    0.068518    0.069249  480668.929337133  -89.542667  61.862722  -61.262528  73.736944  -65.906778  65.949278  -65.908009  65.948909
267527 267528 205386 267526     34    0.069249    0.069288   480670.44846604  -89.542667  61.862722  -61.262528  73.736944  -62.822472  66.819139  -62.820889  66.819139
267528 267529  56671 267527     35    0.069288    0.070046  480670.649956444  -89.542667  61.862722  -61.262528  73.736944  -63.512481  67.114995  -63.510861     67.115
267529 267530  79904 267528     36    0.070046     0.07061  480670.763035644  -89.542667  61.862722  -61.262528  73.736944  -68.143611  65.936611  -68.144722  65.937056
267530 267531  30281 267529     37     0.07061    0.070774  480671.332106228  -89.542667  61.862722  -61.262528  73.736944  -69.654361  62.778694  -69.655222  62.778194
267531 267532  67654 267530     38    0.070774    0.071866  480671.481383819  -89.542667  61.862722  -61.262528  73.736944  -67.779946  62.174885  -67.780833  62.174389
267532 267533  33557 267531     39    0.071866    0.072053  480671.961556087  -89.542667  61.862722  -61.262528  73.736944  -68.049306  65.984944  -68.048611  65.984361
267533 267534  56271 267532     40    0.072053    0.072234  480672.165478027  -89.542667  61.862722  -61.262528  73.736944  -66.470944  66.206806  -66.471972  66.206306
267534 267535  90169 267533     41    0.072234    0.072907  480672.257636578  -89.542667  61.862722  -61.262528  73.736944  -68.103722  63.580333  -68.102583  63.579917
267535 267536  26348 267534     42    0.072907    0.072992  480672.972750548  -89.542667  61.862722  -61.262528  73.736944  -69.790889  62.803083     -69.792  62.802667
267536 267537  65377 267535     43    0.072992    0.073087  480673.130908425  -89.542667  61.862722  -61.262528  73.736944  -68.224583  65.973222  -68.223722  65.973778
267537 267538  45407 267536     44    0.073087    0.073101  480673.421307222  -89.542667  61.862722  -61.262528  73.736944  -67.977667  65.957667  -67.978528  65.957111
267538 267539  21434 267537     45    0.073101    0.073638  480674.430522636  -89.542667  61.862722  -61.262528  73.736944  -74.629936  64.532039    -74.6285  64.532278
267539 267540 195041 267538     47    0.073638      0.0738  480682.420069441  -89.542667  61.862722  -61.262528  73.736944  -67.169278  65.332111  -67.170169  65.332661
267540 267541   5442 267539     48      0.0738    0.074263  480692.895268944  -89.542667  61.862722  -61.262528  73.736944  -66.647777  61.967681  -66.647278  61.967056
267541 267542  42703 267540     49    0.074263    0.074482  480693.215682643  -89.542667  61.862722  -61.262528  73.736944  -63.984203  67.233339  -63.982472  67.233333
267542 267543 120477 267541     50    0.074482    0.074487  480693.271394487  -89.542667  61.862722  -61.262528  73.736944  -78.098222  64.791139  -78.098694  64.791778
267543 267544 146104 267542     51    0.074487    0.074816  480693.306808151  -89.542667  61.862722  -61.262528  73.736944  -69.942861  62.830861  -69.943694  62.830306
267544 267545  60819 267543     52    0.074816    0.075038  480693.485550182  -89.542667  61.862722  -61.262528  73.736944  -66.991556  62.038417  -66.992167  62.037806
267545 267546  32898 267544     53    0.075038     0.07548  480693.982576365  -89.542667  61.862722  -61.262528  73.736944  -61.609139  66.804972  -61.610861     66.805
267546 267547  65235 267545     54     0.07548    0.075585   480694.14119455  -89.542667  61.862722  -61.262528  73.736944    -63.0875  67.143306   -63.08925  67.143306
267547 267548 146665 267546     55    0.075585    0.075614  480694.176131632  -89.542667  61.862722  -61.262528  73.736944  -63.765861  65.029991   -63.76425      65.03
267548 267549  73535 267547     56    0.075614    0.075755  480694.305834672  -89.542667  61.862722  -61.262528  73.736944  -63.479306    65.4225  -63.480944    65.4225
267549 267550  49953 267548     57    0.075755    0.076199  480694.553718317  -89.542667  61.862722  -61.262528  73.736944    -67.7465  65.917056  -67.744833  65.917139
267550 267551   6857 267549     58    0.076199    0.076459  480701.640862295  -89.542667  61.862722  -61.262528  73.736944  -75.499306  65.279944  -75.497667  65.279889
267551 267552 177147 267550     59    0.076459    0.076648  480701.648796967  -89.542667  61.862722  -61.262528  73.736944  -67.438167  65.895194  -67.437528  65.894556
267552 267553  34482 267551     60    0.076648    0.076902  480702.108267925  -89.542667  61.862722  -61.262528  73.736944  -68.426833  63.446056  -68.425306  63.446167
267553 267554  30846 267552     61    0.076902    0.077169  480702.660850298  -89.542667  61.862722  -61.262528  73.736944  -68.840139  63.737722  -68.840139  63.737028
267554 267555  17037 267553     62    0.077169    0.077182  480704.147837194  -89.542667  61.862722  -61.262528  73.736944  -67.312944  62.081278  -67.312917  62.081972
267555 267556  18493 267554     63    0.077182    0.077293   480705.45347375  -89.542667  61.862722  -61.262528  73.736944  -69.989806  62.778111  -69.989833  62.778806
267556 267557  79487 267555     64    0.077293    0.077424  480705.567482681  -89.542667  61.862722  -61.262528  73.736944  -67.607361  62.944639  -67.605861    62.9445
267557 267558  51492 267556     65    0.077424    0.077511  480705.803760304  -89.542667  61.862722  -61.262528  73.736944  -67.784694    65.6115  -67.786333  65.611667
267558 267559  40066 267557     66    0.077511    0.077903  480706.160892039  -89.542667  61.862722  -61.262528  73.736944  -69.566163  62.658992  -69.565111    62.6595
267559 267560  42458 267558     67    0.077903    0.078057  480706.484391837  -89.542667  61.862722  -61.262528  73.736944  -74.879306  65.393667  -74.880417  65.393139
267560 267561 125095 267559     68    0.078057    0.078187  480706.535976635  -89.542667  61.862722  -61.262528  73.736944  -79.498667  70.374444  -79.499833  70.375028
267561 267562 156971 267560     69    0.078187    0.078196   480706.56400947  -89.542667  61.862722  -61.262528  73.736944  -67.679917  66.231083  -67.680889  66.231667
267562 267563 133622 267561     70    0.078196    0.078903  480706.609299894  -89.542667  61.862722  -61.262528  73.736944  -68.135028  63.585139  -68.135936  63.584556
267563 267564  22981 267562     71    0.078903     0.08006  480707.508979502  -89.542667  61.862722  -61.262528  73.736944  -68.044389  62.205444    -68.0455  62.204944
267564 267565  40268 267563     72     0.08006    0.080401  480707.862963045  -89.542667  61.862722  -61.262528  73.736944  -67.637528  62.150361  -67.637444  62.149639
267565 267566  54673 267564     73    0.080401    0.080413  480708.077426862  -89.542667  61.862722  -61.262528  73.736944  -67.241722  62.070361  -67.240667  62.069833
267566 267567  10575 267565     74    0.080413    0.080469  480711.420751589  -89.542667  61.862722  -61.262528  73.736944  -69.911179  62.789936  -69.912139  62.789361
267567 267568  65741 267566     75    0.080469    0.080533  480711.577601297  -89.542667  61.862722  -61.262528  73.736944  -75.609222  65.308306  -75.608111   65.30775
267568 267569  47958 267567     76    0.080533    0.080657  480711.843039122  -89.542667  61.862722  -61.262528  73.736944  -68.100278  65.982722    -68.1015   65.98325
267569 267570  66801 267568     77    0.080657    0.081119  480711.995381279  -89.542667  61.862722  -61.262528  73.736944  -65.956139  62.238028  -65.954583  62.238111
267570 267571  24850 267569     78    0.081119    0.081382  480712.785179273  -89.542667  61.862722  -61.262528  73.736944  -69.490306  62.616861  -69.491778  62.616583
267571 267572  10326 267570     79    0.081382    0.081477  480716.268031611  -89.542667  61.862722  -61.262528  73.736944  -68.098083  65.810667  -68.097778  65.811389
267572 267573  56162 267571     80    0.081477    0.081606  480716.472654098  -89.542667  61.862722  -61.262528  73.736944  -76.918083  69.598833   -76.91625  69.598472
267573 267574  66437 267572     81    0.081606    0.081728  480716.626450483  -89.542667  61.862722  -61.262528  73.736944  -77.321889  65.470083  -77.321306  65.469389
267574 267575 118514 267573     82    0.081728    0.081971  480716.683652759  -89.542667  61.862722  -61.262528  73.736944  -64.570917  63.291639  -64.572556  63.291611
267575 267576 116702 267574     83    0.081971    0.082229   480716.74260946  -89.542667  61.862722  -61.262528  73.736944  -64.515917  63.685833   -64.51425  63.685861
267576 267577 127446 267575     84    0.082229     0.08231  480716.791615326  -89.542667  61.862722  -61.262528  73.736944  -66.815556  68.422583  -66.813722  68.422278
267577 267578 166866 267576     85     0.08231    0.082524  480716.810266583  -89.542667  61.862722  -61.262528  73.736944  -66.967917    62.0375  -66.968722  62.038139
267578 267579  30039 267577     86    0.082524    0.082796  480717.386002291  -89.542667  61.862722  -61.262528  73.736944  -68.060111  65.793167  -68.059667  65.793889
267579 267580  48713 267578     87    0.082796    0.083168  480717.644710671  -89.542667  61.862722  -61.262528  73.736944  -67.726153  62.977784  -67.724917  62.978278
267580 267581  49914 267579     88    0.083168    0.083401  480717.892969978  -89.542667  61.862722  -61.262528  73.736944  -67.583528  65.660639  -67.581972  65.661028
267581 267582  38243 267580     89    0.083401    0.083409  480718.280411132  -89.542667  61.862722  -61.262528  73.736944  -68.502861  62.256417  -68.502889  62.255667
267582 267583  80762 267581     90    0.083409    0.083464  480718.391380153  -89.542667  61.862722  -61.262528  73.736944  -75.357534  64.500526  -75.358028  64.499806
267583 267584 136432 267582     91    0.083464    0.083645  480718.434019099  -89.542667  61.862722  -61.262528  73.736944  -64.894167  63.177483    -64.8925  63.177472
267584 267585  71431 267583     92    0.083645    0.083973  480718.570182196  -89.542667  61.862722  -61.262528  73.736944  -67.022833    62.0365   -67.02125  62.036361
267585 267586  46981 267584     93    0.083973    0.084278  480718.844710266  -89.542667  61.862722  -61.262528  73.736944  -68.820778   62.37825  -68.821889  62.377694
267586 267587  39074 267585     94    0.084278    0.084491  480719.217941562  -89.542667  61.862722  -61.262528  73.736944    -67.8415  65.759333  -67.839694  65.759167
267587 267588  20200 267586     95    0.084491     0.08466   480720.33773536  -89.542667  61.862722  -61.262528  73.736944  -73.650889  64.391917  -73.652472  64.391583
267588 267589 137398 267587     96     0.08466    0.085085  480720.379426041  -89.542667  61.862722  -61.262528  73.736944  -66.568528  61.925861  -66.566972  61.926083
267589 267590  37391 267588     97    0.085085    0.085549  480720.781519759  -89.542667  61.862722  -61.262528  73.736944  -67.188611  62.101028  -67.187056  62.100778
267590 267591  45246 267589     98    0.085549     0.08623  480721.073550459  -89.542667  61.862722  -61.262528  73.736944   -78.96093  70.565827  -78.960139  70.566556
267591 267592 174699 267590     99     0.08623    0.086398  480721.084709903  -89.542667  61.862722  -61.262528  73.736944  -75.015167  65.383556  -75.015167  65.384333
267592 267593 155413 267591    100    0.086398    0.086592  480721.113766942  -89.542667  61.862722  -61.262528  73.736944  -68.744694  62.332583  -68.744806  62.331806
267593 267594  26186 267592    101    0.086592    0.087126  480721.835996982  -89.542667  61.862722  -61.262528  73.736944  -66.453833  62.345111  -66.452278  62.344806
267594 267595  48324 267593    102    0.087126    0.087289   480722.09811695  -89.542667  61.862722  -61.262528  73.736944  -66.237778  61.864472     -66.237  61.863778
267595 267596  21638 267594    103    0.087289    0.087326  480723.089917528  -89.542667  61.853694  -61.262528  73.736944  -67.244472  62.885333  -67.246194  62.885361
267596 267597  34206 267595    104    0.087326    0.087613  480723.555070465  -89.542667  61.853694  -61.262528  73.736944   -64.58925  63.240833    -64.5875  63.240833
267597 267598 125257 267596    105    0.087613    0.088014  480723.606463148  -89.542667  61.853694  -61.262528  73.736944  -67.607528  62.161694  -67.605833  62.161694
267598 267599  39328 267597    106    0.088014    0.088387  480723.975122208  -89.542667  61.853694  -61.262528  73.736944  -67.534072  65.665791  -67.532167  65.665667
267599 267600 216206 267598    108    0.088387    0.088421  480724.616072298  -89.542667  61.853694  -61.262528  73.736944  -74.124444  64.364472  -74.122722   64.36475
267600 267601 111501 267599    109    0.088421    0.088554  480724.680240883  -89.542667  61.853694  -61.262528  73.736944  -74.723167  65.439667  -74.725083  65.439667
267601 267602 142963 267600    110    0.088554    0.088909  480724.718015679  -89.542667  61.853694  -61.262528  73.736944  -77.780056  70.251028  -77.781833    70.2505
267602 267603  79703 267601    111    0.088909    0.089045   480724.83151855  -89.542667  61.853694  -61.262528  73.736944  -64.994347   63.17072  -64.992583  63.170806
267603 267604 234866 267602    113    0.089045    0.089521  480724.986552674  -89.542667  61.853694  -61.262528  73.736944  -68.927707  62.365691  -68.927861  62.364889
267604 267605  53552 267603    114    0.089521    0.089554   480725.20840683  -89.542667  61.853694  -61.262528  73.736944  -64.890083  63.181222  -64.890028  63.180417
267605 267606  52291 267604    115    0.089554    0.089584  480725.438878775  -89.542667  61.853694  -61.262528  73.736944  -78.513339  70.299781  -78.515639       70.3
267606 267607 239001 267605    117    0.089584    0.089623   480725.52663607  -89.542667  61.853694  -61.262528  73.736944  -63.448417  65.072083  -63.448417  65.072889
267607 267608  94743 267606    118    0.089623    0.089624   480725.61145323  -89.542667  61.853694  -61.262528  73.736944  -75.078861  65.389639  -75.076944   65.38975
267608 267609 155921 267607    119    0.089624    0.089668  480725.640213229  -89.542667  61.853694  -61.262528  73.736944  -64.730139  62.867917  -64.730083  62.867111
267609 267610  73160 267608    120    0.089668    0.090501  480725.771052653  -89.542667  61.853694  -61.262528  73.736944  -75.649194  65.326833  -75.650972  65.327167
267610 267611 162469 267609    121    0.090501    0.090653  480725.793376435  -89.542667  61.853694  -61.262528  73.736944  -73.579861  64.609361  -73.581722  64.609194
267611 267612  39260 267610    122    0.090653    0.090676  480726.163197395  -89.542667  61.853694  -61.262528  73.736944  -74.733472  65.394167  -74.735389     65.394
267612 267613 172130 267611    123    0.090676    0.090885  480726.175638438  -89.542667  61.853694  -61.262528  73.736944  -66.361528  66.251556  -66.363528  66.251417
267613 267614 215158 267612    125    0.090885    0.091182  480726.744807129  -89.542667  61.853694  -61.262528  73.736944  -68.673944  62.298639  -68.675556  62.298306
267614 267615 214732 267613    127    0.091182    0.091214  480727.496523178  -89.542667  61.853694  -61.262528  73.736944  -68.253234  65.956626  -68.253194  65.955806
267615 267616  15995 267614    128    0.091214    0.091322  480729.148164317  -89.542667  61.853694  -61.262528  73.736944  -76.081361  65.277917  -76.080972  65.278722
267616 267617  96277 267615    129    0.091322    0.091681  480729.230552364  -89.542667  61.853694  -61.262528  73.736944  -74.909028   65.38075  -74.908611  65.381556
267617 267618 161598 267616    130    0.091681    0.092635  480729.253973386  -89.542667  61.853694  -61.262528  73.736944  -63.550111  65.040417  -63.550139   65.04125
267618 267619 159034 267617    131    0.092635    0.094228  480729.280381564  -89.542667  61.853694  -61.262528  73.736944  -68.700472  62.302861  -68.701944  62.302361
267619 267620  46699 267618    132    0.094228    0.094382  480729.557499187  -89.542667  61.853694  -61.262528  73.736944  -68.250507  62.217889  -68.248889  62.218278
267620 267621  61679 267619    133    0.094382    0.094633  480729.731967145  -89.542667  61.853694  -61.262528  73.736944  -69.820694  62.786222  -69.818833  62.786222
267621 267622 210524 267620    136    0.094633    0.094653  480730.689694431  -89.542667  61.853694  -61.262528  73.736944  -69.980479  62.811105  -69.980917  62.810278
267622 267623  45624 267621    137    0.094653    0.094687  480730.977833238  -89.542667  61.853694  -61.262528  73.736944  -67.345629  66.289394  -67.346278  66.288583
267623 267624 166414 267622    138    0.094687    0.094783  480730.997049624  -89.542667  61.853694  -61.262528  73.736944  -69.903333  62.879861  -69.901472  62.879944
267624 267625  34546 267623    139    0.094783    0.094855  480731.455143815  -89.542667  61.853694  -61.262528  73.736944  -69.540889  62.717167   -69.54275  62.717167
267625 267626 203493 267624    142    0.094855    0.095335  480734.498454827  -89.542667  61.853694  -61.262528  73.736944  -69.933722     62.787  -69.932472  62.786361
267626 267627  27492 267625    143    0.095335    0.096051  480735.163595289  -89.542667  61.853694  -61.262528  73.736944  -75.063417  65.383417   -75.06325  65.384278
267627 267628 124648 267626    144    0.096051     0.09615  480735.215655525  -89.542667  61.853694  -61.262528  73.736944  -67.012333  62.703222  -67.010472  62.703083
267628 267629   6765 267627    145     0.09615    0.096201  480742.462338572  -89.542667  61.853694  -61.262528  73.736944     -67.071  65.260278  -67.069861     65.261
267629 267630 190298 267628    149    0.096201    0.096536   480787.33863185  -89.542667  61.853694  -61.262528  73.736944     -67.869  68.804806  -67.869667  68.803972
267630 267631  68798 267629    150    0.096536     0.09743  480787.483965528  -89.542667  61.853694  -61.262528  73.736944  -82.049056  69.871083  -82.046556  69.870917
267631 287636  22316 267630    151     0.09743    0.097625  480788.426542268  -89.542667  61.853694  -61.262528  73.736944  -78.993208  70.565819  -78.995806  70.565972
287636 287637 179317 267631    152    0.097625    0.097799  480788.429396818  -89.542667  61.853694  -61.262528  73.736944  -67.373972     65.542  -67.372667  65.541306
287637 287638 201808 287636    154    0.097799    0.097827  480790.983784942  -89.542667  61.853694  -61.262528  73.736944  -68.088734  65.973524  -68.086611  65.973361
287638 287639  67071 287637    155    0.097827    0.098096  480791.135095731  -89.542667  61.853694  -61.262528  73.736944  -74.064417   68.67625  -74.062667  68.676861
287639 287640 161680 287638    156    0.098096    0.098405  480791.158407194  -89.542667  61.853694  -61.262528  73.736944  -85.441194  72.243083  -85.442583  72.242306
287640 287641  95935 287639    157    0.098405    0.099433  480791.241192276  -89.542667  61.853694  -61.262528  73.736944  -65.135417  64.345778   -65.13375  64.346306
287641 287642  10164 287640    158    0.099433    0.099457  480794.823644333  -89.542667  61.853694  -61.262528  73.736944  -75.284028  64.462389     -75.286  64.462111
287642 287643  37389 287641    159    0.099457    0.099559   480795.22576425  -89.542667  61.853694  -61.262528  73.736944  -66.022833  62.050528  -66.023528  62.049694
287643 287644   9634 287642    160    0.099559    0.099893  480799.166631804  -89.542667  61.853694  -61.262528  73.736944  -82.286222  69.861028  -82.288333    69.8605
287644 287645  24164 287643    161    0.099893    0.099988   480799.99525393  -89.542667  61.853694  -61.262528  73.736944  -77.479278  65.369639  -77.480861  65.369028
287645 287646 140579 287644    162    0.099988    0.100009  480800.034259003  -89.542667  61.853694  -61.262528  73.736944  -74.553833  68.835944  -74.554944  68.835139
287646 287647  37929 287645    163    0.100009    0.100354  480800.426903643  -89.542667  61.853694  -61.262528  73.736944  -71.402639  63.588972  -71.400611     63.589
287647 287648 159010 287646    164    0.100354    0.100383  480800.453332079  -89.542667  61.853694  -61.262528  73.736944  -67.276021  62.067861  -67.274722  62.067194
287648 287649  49700 287647    165    0.100383    0.100831  480800.703548135  -89.542667  61.853694  -61.262528  73.736944    -73.7425  68.517056  -73.743472  68.516222
287649 287650 169353 287648    166    0.100831    0.100914  480800.717820668  -89.542667  61.853694  -61.262528  73.736944   -68.76275  62.329389  -68.764587   62.32908
287650 287651 212948 287649    168    0.100914    0.101162  480801.349938189  -89.542667  61.853694  -61.262528  73.736944  -82.307417  69.866917  -82.306361  69.866083
287651 287652  36319 287650    169    0.101162    0.101755  480801.771563437  -89.542667  61.853694  -61.262528  73.736944  -67.211639   65.97975  -67.209417  65.979611
287652 287653   4479 287651    170    0.101755    0.101945  480816.452147581  -89.542667  61.853694  -61.262528  73.736944  -65.315056  62.666833  -65.314972  62.665917
287653 287654  40560 287652    171    0.101945    0.101949  480816.801913906  -89.542667  61.853694  -61.262528  73.736944  -85.439556  72.132833  -85.440583  72.131972
287654 287655 161940 287653    172    0.101949    0.102445  480816.824834583  -89.542667  61.853694  -61.262528  73.736944  -85.195389  72.243444  -85.198167  72.243806
287655 287656 108290 287654    173    0.102445    0.102515  480816.892365782  -89.542667  61.853694  -61.262528  73.736944  -75.696549  64.375172  -75.696556   64.37425
287656 287657 220424 287655    176    0.102515    0.102516  480817.184895769  -89.542667  61.853694  -61.262528  73.736944  -74.722139   64.38125  -74.723611  64.380583
287657 287658 156917 287656    177    0.102516    0.102864  480817.212970853  -89.542667  61.853694  -61.262528  73.736944  -66.353917  64.915028  -66.354222  64.915944
287658 287659  27302 287657    178    0.102864    0.103278  480817.886028148  -89.542667  61.853694  -61.262528  73.736944  -68.734083  62.324028  -68.734833  62.323167
287659 287660  58254 287658    179    0.103278    0.103294  480818.078386434  -89.542667  61.853694  -61.262528  73.736944  -79.272404  70.434179  -79.272389   70.43325
