363881
336483
303550
363878
363870
363885
363865
343545
363864
353974
363854
363842
363829
363818
363775
342934
309535
363749
363297
349743
359332
332360
312671
363737
354944
343337
343550
268483
363725
363673
349744
363659
363631
335570
363598
363274
362850
362478
361692
361065
360113
359013
327382
358350
357669
356947
356409
354995
353824
352382
351793
350603
348689
345680
326424
345092
342314
339943
337133
334233
330251
322985
309041
363618
362958
353249
350194
344866
342873
338598
331771
322135
363548
336486
363408
362784
361613
360850
324227
360396
359826
338557
326658
287659
359325
357924
357116
355661
352948
349879
347089
344551
340699
335797
330347
324406
303204
