    22 182383      -      -      1           0    0.062444     105182.439259  119.747889  12.535417  124.195444  18.652917  123.965002  13.758748  123.965417  13.759139
  1702 188564      -      -      1           0    0.062509     74.2804139687  123.837056  13.225389  123.929556  13.357083  123.837056  13.275861  123.836642  13.276253
 10965 268443      -      -      1           0    0.089512     3.15834939611  122.914583  14.190389  122.940472  14.222056  122.919944  14.196222  122.919944  14.195417
 17437 268450      -      -      1           0    0.090066     1.43915794264  122.720417  13.777917  122.742083  13.786194  122.742083  13.783333  122.742917  13.783333
 18962 268455      -      -      1           0    0.092577     1.24951347392  120.097083  14.759583  120.110417  14.772056   120.11125  14.765833  120.110389  14.765833
 23517 268436      -      -      1           0    0.087316    0.866175570101   124.18375  13.021222  124.195361  13.034556  124.186667  13.027056  124.185861  13.027056
 25500 268472      -      -      1           0    0.123764    0.756009589507  120.379528  17.523722  120.390444   17.53375  120.390028   17.53375  120.390833  17.534556
 25700 268467      -      -      1           0    0.095923    0.745612596858  120.372889  17.533722  120.383778  17.542889  120.374167  17.533778  120.374111  17.532917
 28409 268476      -      -      1           0    0.125474    0.631094417532  121.637083  18.326222  121.647889  18.342083  121.647056  18.326639  121.647917  18.325861
 29475 210933      -      -      1           0     0.06206    0.593937290976  120.385417  17.516222   120.39625  17.522944   120.39625      17.52  120.396639  17.520417
 31795 268464      -      -      1           0    0.095739    0.525374381746  123.220417  13.963722  123.232944  13.972917  123.232556  13.967056  123.232556  13.967917
 33303 212959      -      -      1           0    0.060265    0.486434501426  123.351222  14.034583  123.358778  14.042056  123.358778  14.037528  123.359167  14.037917
 42315 268483      -      -      1           0    0.127351    0.325432023145  122.585417  13.887889  122.591222  13.895361  122.590861  13.895361  122.591639  13.896222
 44233 268433      -      -      1           0     0.08645    0.302948752758  122.042889  16.177917  122.050389   16.18625  122.044139  16.182917  122.044167  16.183694
 51098 268446      -      -      1           0    0.089623    0.239191867272  123.240417  13.744556  123.245417  13.750417  123.242472  13.744556  123.242472   13.74375
 56385 268456      -      -      1           0    0.093178    0.203216185178  123.841222  13.281222  123.846222  13.286222  123.847083  13.282472  123.846222  13.282472
 58855 268426      -      -      1           0    0.069251    0.189238700446  124.164528  13.002056  124.169583   13.00625  124.169583  13.005778      124.17   13.00625
 59941 268475      -      -      1           0    0.124616     0.18322782038   120.39625  17.500389  120.402111  17.505389  120.402111  17.504139   120.40294  17.503345
 64333 188565      -      -      1           0    0.089512    0.162588273196  123.910444  13.333694  123.915417  13.337083  123.911639  13.333694  123.911639  13.332889
 69954 268465      -      -      1           0    0.095782    0.141129012221   120.41375  17.519583   120.41875   17.52375  120.416694  17.523722  120.416667  17.524583
 74525 268463      -      -      1           0    0.095739    0.126529026162  122.504556  17.032917   122.50875  17.037056  122.504972  17.037028  122.504972  17.037889
 83829 268445      -      -      1           0    0.089567    0.104529968555   120.11125  14.763694  120.115417   14.76625  120.115417  14.764167   120.11625  14.764167
 84558 268425      -      -      1           0    0.067124    0.103040478938  123.400389  14.010389   123.40375   14.01375  123.400389  14.011667  123.399945  14.011244
 84653 268441      -      -      1           0    0.088128    0.102796642287  122.204556  18.136222  122.207083  18.141222  122.204556  18.139139  122.203722  18.139139
 89350 268432      -      -      1           0    0.085745   0.0938038167827  120.406222  16.915389   120.40875   16.91875   120.40875  16.915833  120.409556  16.915833
 92675 268437      -      -      1           0    0.087363   0.0884996224337  123.832889  12.895389  123.837139  12.897861  123.832889  12.895806  123.832083  12.895806
 93026 268435      -      -      1           0    0.087019   0.0879944540612  123.802889  13.844583   123.80625  13.847917  123.802889     13.845  123.802083     13.845
 94298 212959      -      -      1           0    0.060265    0.085644186766  123.358778  14.037917  123.362861  14.040444  123.359167  14.037917  123.358778  14.037528
 94818 210933      -      -      1           0     0.06206   0.0846743643711   120.39625  17.520389  120.399583  17.522917  120.396639  17.520417   120.39625      17.52
100569 182389      -      -      1           0    0.066792   0.0768890560849  120.565389  14.137917  120.568722   14.14125  120.567861  14.138306  120.568333  14.137917
101052 268470      -      -      1           0    0.121873   0.0761217238348   122.38125  17.317889  122.384528  17.320361    122.3825  17.317889  122.383278  17.317083
106277 268440      -      -      1           0     0.08808   0.0702581487619  122.302917  18.233694  122.306222   18.23625  122.302917  18.234167  122.302083  18.234167
106372 268428      -      -      1           0    0.082086   0.0701295963493  122.263694  18.176222  122.266222  18.179556  122.263694  18.179139  122.262917  18.179139
106393 238529      -      -      1           0    0.086867   0.0701058977341  122.192944  13.962083  122.195417  13.964611  122.195417  13.962472  122.196222  13.962472
107160 268454      -      -      1           0    0.090682   0.0690789437264  121.033722  18.623722  121.037111  18.626222   121.03375  18.624139   121.03289  18.624114
107468 268438      -      -      1           0    0.087933   0.0686469075391  122.181222  18.522056  122.183722  18.525389  122.182472  18.522056  122.183306  18.522056
107836 268469      -      -      1           0    0.118025   0.0681498591605  120.995417  18.601222  120.998722   18.60375  120.995966  18.601223  120.996694  18.600417
112921 268458      -      -      1           0    0.095739    0.062996656226  123.987083  12.960361  123.989583  12.962889  123.988306  12.962889  123.988306   12.96375
113857 268473      -      -      1           0    0.123999   0.0620116920974  122.754611  13.785417  122.757917  13.787083  122.754972  13.785417  122.755741  13.784589
113994 268430      -      -      1           0    0.083049   0.0618790970635  122.127889  16.257889  122.130389  16.260417  122.127889      16.26  122.127111      16.26
114275 268479      -      -      1           0     0.12692   0.0615385873579  122.642917  14.287889  122.645389  14.291222  122.642917  14.288306  122.642083    14.2875
114660 268480      -      -      1           0    0.126961   0.0610990252688   123.76875  13.864556  123.770417  13.867889      123.77  13.864556  123.770833   13.86375
122257 268477      -      -      1           0     0.12576   0.0543928249218  120.340417  14.627028   120.34375  14.629583   120.34375  14.628333  120.344563  14.629145
122997 268453      -      -      1           0    0.090287   0.0537432685709   123.85375  12.899583  123.856306  12.902056   123.85375  12.900861  123.852917  12.900861
123151 268427      -      -      1           0    0.079328   0.0536308975948  122.174528  18.102861  122.177056  18.105389  122.174528     18.105  122.173778  18.104972
123207 188564      -      -      1           0    0.062509   0.0535747460083   123.83375   13.27625  123.837056  13.277917  123.836642  13.276253  123.837056  13.275861
123355 182383      -      -      1           0    0.062444    0.053448144303  123.965417   13.75875  123.967889  13.761278  123.965417  13.759139  123.965002  13.758748
124219 268442      -      -      1           0     0.08857   0.0525643073677  122.485389  17.015417  122.487917  17.017889  122.485389  17.017472  122.484556  17.017472
124980 182384      -      -      1           0    0.063718    0.051700087005  121.026222  18.620389  121.028694  18.622889  121.027889  18.620806  121.028333  18.620417
129009 268482      -      -      1           0    0.127297   0.0479089319539   123.71125  12.887028  123.713778   12.88875  123.711667   12.88875  123.710833  12.889556
131207 268447      -      -      1           0    0.089623   0.0468086910848  122.744556  13.785389  122.747111  13.787056  122.744972  13.785389  122.744972  13.784583
131955 182385      -      -      1           0    0.064532   0.0463972908976  122.764528  13.787889  122.767056  13.790417  122.764528  13.789139  122.764099  13.789543
131956 268461      -      -      1           0    0.095739   0.0463961390517  123.967917  12.952861  123.969583  12.955389  123.968333  12.955389  123.968333   12.95625
132740 268460      -      -      1           0    0.095739   0.0459218104366  123.246194   14.00625   123.24875  14.008722    123.2475   14.00625    123.2475  14.005389
132827 238529      -      -      1           0    0.086867   0.0458659687672  122.196222  13.960361  122.197889  13.962889  122.196222  13.962472  122.195417  13.962472
133046 268481      -      -      1           0     0.12701   0.0457108960677   123.45875  13.964556  123.461222  13.967083  123.459167  13.964556  123.458333   13.96375
133501 268478      -      -      1           0    0.126864   0.0453860844436  120.579611  14.212056  120.582083  14.214583  120.582056  14.213333  120.582889  14.214139
133583 268468      -      -      1           0    0.095958   0.0453245326985  123.280417  13.897889  123.282889  13.900389  123.282889  13.899139  123.283778  13.899139
133696 268471      -      -      1           0    0.122833   0.0452271666822   123.87125  13.352028  123.872889  13.354556  123.870861   13.35125  123.871667  13.352028
133753 268449      -      -      1           0     0.08967   0.0451774179599  119.917917  15.452056  119.920444   15.45375  119.918306  15.453722  119.918333  15.454528
133906 268448      -      -      1           0    0.089623   0.0450615066977  122.739611  13.806222  122.742056   13.80875  122.740833   13.80875  122.740833  13.809556
134185 268431      -      -      1           0    0.083991   0.0448019872106  120.660472  13.860389  120.662944  13.862056  120.662944  13.860806  120.663722  13.860806
134323 268474      -      -      1           0    0.124306   0.0446762754748  123.982917   12.96125  123.984556  12.963722  123.984167  12.963722  123.983394  12.964548
142806 182387      -      -      1           0    0.065932    0.037871043675   121.60125  13.898694  121.602917  13.901222   121.60125  13.899139  121.600802  13.898736
142837 182388      -      -      1           0    0.066708   0.0378508511265  123.117056  13.737056  123.118778  13.739583  123.117056  13.738333  123.116613  13.737915
143572 182386      -      -      1           0    0.064882   0.0374020851665  122.312083  18.242861  122.314611  18.245389  122.313333  18.245389  122.312905  18.245808
144061 268434      -      -      1           0    0.086842   0.0370716755787  123.392083  14.026278   123.39375   14.02875  123.392083  14.028333  123.391278  14.028333
144669 268439      -      -      1           0    0.088059   0.0366291534297  122.329556  18.275417  122.332083  18.277083  122.329556  18.275806  122.328722  18.275806
144987 268452      -      -      1           0    0.090268   0.0363686595606  123.862917  13.247917  123.864556  13.250389  123.862083  13.248333  123.862917  13.248333
152479 268444      -      -      1           0    0.089563   0.0303017786716  123.678722  12.917889  123.680444  12.919556  123.679139  12.919556  123.679167  12.920361
154021 268429      -      -      1           0    0.082402   0.0296999327712  122.073694  13.783722  122.075417  13.785389  122.073694  13.784194  122.072931    13.7842
154453 248694      -      -      1           0    0.060274   0.0295271132742   123.46375  13.962889  123.465389  13.964611     123.465  13.964611  123.465389     13.965
154597 268462      -      -      1           0    0.095739   0.0294677516902  123.670417   12.91125  123.672917  12.912917  123.671639   12.91125  123.671639  12.910389
178531 248694      -      -      1           0    0.060274   0.0038737251768  123.465389  13.964611  123.466222  13.965389  123.465389     13.965     123.465  13.964611
182383 182384 123355     22      2    0.062444    0.063718  105182.492707144  119.747889  12.535417  124.195444  18.652917  121.028333  18.620417  121.027889  18.620806
182384 182385 124980 182383      3    0.063718    0.064532  105182.544407231  119.747889  12.535417  124.195444  18.652917  122.764099  13.789543  122.764528  13.789139
182385 182386 131955 182384      4    0.064532    0.064882  105182.590804522  119.747889  12.535417  124.195444  18.652917  122.312905  18.245808  122.313333  18.245389
182386 182387 143572 182385      5    0.064882    0.065932  105182.628206607  119.747889  12.535417  124.195444  18.652917  121.600802  13.898736   121.60125  13.899139
182387 182388 142806 182386      6    0.065932    0.066708  105182.666077651  119.747889  12.535417  124.195444  18.652917  123.116613  13.737915  123.117056  13.738333
182388 182389 142837 182387      7    0.066708    0.066792  105182.703928502  119.747889  12.535417  124.195444  18.652917  120.568333  14.137917  120.567861  14.138306
182389 268424 100569 182388      8    0.066792    0.066822  105182.780817558  119.747889  12.535417  124.195444  18.652917  123.465861  13.962889  123.465389  13.963278
188564 188565 123207   1702      2    0.062509    0.089512  74.3339887147083   123.83375  13.225389  123.929556  13.357083  123.911639  13.332889  123.911639  13.333694
188565 268451  64333 188564      3    0.089512    0.090164  74.4965769879043   123.83375  13.225389  123.929556  13.357083   123.86875  13.239111  123.867917  13.239111
210933 268466  94818  29475      2     0.06206    0.095785   0.6786116553471  120.385417  17.516222  120.399583  17.522944  120.397528  17.522889    120.3975   17.52375
212959 268459  94298  33303      2    0.060265    0.095739    0.572078688192  123.351222  14.034583  123.362861  14.042056  123.359972  14.040389  123.359972   14.04125
238529 268457 132827 106393      2    0.086867    0.093444   0.1159718665013  122.192944  13.960361  122.197889  13.964611    122.1975  13.962889  122.198366  13.962889
248694 268424 178531 154453      2    0.060274    0.066822    0.033400838451   123.46375  13.962889  123.466222  13.965389  123.465389  13.963278  123.465861  13.962889
268424 268425 248694 182389     10    0.066822    0.067124  105182.814218397  119.747889  12.535417  124.195444  18.652917  123.399945  14.011244  123.400389  14.011667
268425 268426  84558 268424     11    0.067124    0.069251  105182.917258876  119.747889  12.535417  124.195444  18.652917      124.17   13.00625  124.169583  13.005778
268426 268427  58855 268425     12    0.069251    0.079328  105183.106497576  119.747889  12.535417  124.195444  18.652917  122.173778  18.104972  122.174528     18.105
268427 268428 123151 268426     13    0.079328    0.082086  105183.160128474  119.747889  12.535417  124.195444  18.652917  122.262917  18.179139  122.263694  18.179139
268428 268429 106372 268427     14    0.082086    0.082402   105183.23025807  119.747889  12.535417  124.195444  18.652917  122.072931    13.7842  122.073694  13.784194
268429 268430 154021 268428     15    0.082402    0.083049  105183.259958003  119.747889  12.535417  124.195444  18.652917  122.127111      16.26  122.127889      16.26
268430 268431 113994 268429     16    0.083049    0.083991    105183.3218371  119.747889  12.535417  124.195444  18.652917  120.663722  13.860806  120.662944  13.860806
268431 268432 134185 268430     17    0.083991    0.085745  105183.366639087  119.747889  12.535417  124.195444  18.652917  120.409556  16.915833   120.40875  16.915833
268432 268433  89350 268431     18    0.085745     0.08645  105183.460442904  119.747889  12.535417  124.195444  18.652917  122.044167  16.183694  122.044139  16.182917
268433 268434  44233 268432     19     0.08645    0.086842  105183.763391657  119.747889  12.535417  124.195444  18.652917  123.391278  14.028333  123.392083  14.028333
268434 268435 144061 268433     20    0.086842    0.087019  105183.800463332  119.747889  12.535417  124.195444  18.652917  123.802083     13.845  123.802889     13.845
268435 268436  93026 268434     21    0.087019    0.087316  105183.888457786  119.747889  12.535417  124.195444  18.652917  124.185861  13.027056  124.186667  13.027056
268436 268437  23517 268435     22    0.087316    0.087363  105184.754633356  119.747889  12.535417  124.195444  18.652917  123.832083  12.895806  123.832889  12.895806
268437 268438  92675 268436     23    0.087363    0.087933  105184.843132979  119.747889  12.535417  124.195444  18.652917  122.183306  18.522056  122.182472  18.522056
268438 268439 107468 268437     24    0.087933    0.088059  105184.911779886  119.747889  12.535417  124.195444  18.652917  122.328722  18.275806  122.329556  18.275806
268439 268440 144669 268438     25    0.088059     0.08808   105184.94840904  119.747889  12.535417  124.195444  18.652917  122.302083  18.234167  122.302917  18.234167
268440 268441 106277 268439     26     0.08808    0.088128  105185.018667189  119.747889  12.535417  124.195444  18.652917  122.203722  18.139139  122.204556  18.139139
268441 268442  84653 268440     27    0.088128     0.08857  105185.121463831  119.747889  12.535417  124.195444  18.652917  122.484556  17.017472  122.485389  17.017472
268442 268443 124219 268441     28     0.08857    0.089512  105185.174028138  119.747889  12.535417  124.195444  18.652917  122.919944  14.195417  122.919944  14.196222
268443 268444  10965 268442     29    0.089512    0.089563  105188.332377534  119.747889  12.535417  124.195444  18.652917  123.679167  12.920361  123.679139  12.919556
268444 268445 152479 268443     30    0.089563    0.089567  105188.362679313  119.747889  12.535417  124.195444  18.652917   120.11625  14.764167  120.115417  14.764167
268445 268446  83829 268444     31    0.089567    0.089623  105188.467209281  119.747889  12.535417  124.195444  18.652917  123.242472   13.74375  123.242472  13.744556
268446 268447  51098 268445     32    0.089623    0.089623  105188.706401149  119.747889  12.535417  124.195444  18.652917  122.744972  13.784583  122.744972  13.785389
268447 268448 131207 268446     33    0.089623    0.089623   105188.75320984  119.747889  12.535417  124.195444  18.652917  122.740833  13.809556  122.740833   13.80875
268448 268449 133906 268447     34    0.089623     0.08967  105188.798271347  119.747889  12.535417  124.195444  18.652917  119.918333  15.454528  119.918306  15.453722
268449 268450 133753 268448     35     0.08967    0.090066  105188.843448764  119.747889  12.535417  124.195444  18.652917  122.742917  13.783333  122.742083  13.783333
268450 268451  17437 268449     36    0.090066    0.090164  105190.282606707  119.747889  12.535417  124.195444  18.652917  123.867917  13.239111   123.86875  13.239111
268451 268452 188565 268450     39    0.090164    0.090268  105264.779183695  119.747889  12.535417  124.195444  18.652917  123.862917  13.248333  123.862083  13.248333
268452 268453 144987 268451     40    0.090268    0.090287  105264.815552355  119.747889  12.535417  124.195444  18.652917  123.852917  12.900861   123.85375  12.900861
268453 268454 122997 268452     41    0.090287    0.090682  105264.869295623  119.747889  12.535417  124.195444  18.652917   121.03289  18.624114   121.03375  18.624139
268454 268455 107160 268453     42    0.090682    0.092577  105264.938374567  119.747889  12.535417  124.195444  18.652917  120.110389  14.765833   120.11125  14.765833
268455 268456  18962 268454     43    0.092577    0.093178  105266.187888041  119.747889  12.535417  124.195444  18.652917  123.846222  13.282472  123.847083  13.282472
268456 268457  56385 268455     44    0.093178    0.093444  105266.391104226  119.747889  12.535417  124.195444  18.652917  122.198366  13.962889    122.1975  13.962889
268457 268458 238529 268456     46    0.093444    0.095739  105266.507076092  119.747889  12.535417  124.195444  18.652917  123.988306   12.96375  123.988306  12.962889
268458 268459 112921 268457     47    0.095739    0.095739  105266.570072749  119.747889  12.535417  124.195444  18.652917  123.359972   14.04125  123.359972  14.040389
268459 268460 212959 268458     49    0.095739    0.095739  105267.142151437  119.747889  12.535417  124.195444  18.652917    123.2475  14.005389    123.2475   14.00625
268460 268461 132740 268459     50    0.095739    0.095739  105267.188073247  119.747889  12.535417  124.195444  18.652917  123.968333   12.95625  123.968333  12.955389
268461 268462 131956 268460     51    0.095739    0.095739  105267.234469386  119.747889  12.535417  124.195444  18.652917  123.671639  12.910389  123.671639   12.91125
268462 268463 154597 268461     52    0.095739    0.095739  105267.263937138  119.747889  12.535417  124.195444  18.652917  122.504972  17.037889  122.504972  17.037028
268463 268464  74525 268462     53    0.095739    0.095739  105267.390466164  119.747889  12.535417  124.195444  18.652917  123.232556  13.967917  123.232556  13.967056
268464 268465  31795 268463     54    0.095739    0.095782  105267.915840546  119.747889  12.535417  124.195444  18.652917  120.416667  17.524583  120.416694  17.523722
268465 268466  69954 268464     55    0.095782    0.095785  105268.056969558  119.747889  12.535417  124.195444  18.652917    120.3975   17.52375  120.397528  17.522889
268466 268467 210933 268465     57    0.095785    0.095923  105268.735581214  119.747889  12.535417  124.195444  18.652917  120.374111  17.532917  120.374167  17.533778
268467 268468  25700 268466     58    0.095923    0.095958   105269.48119381  119.747889  12.535417  124.195444  18.652917  123.283778  13.899139  123.282889  13.899139
268468 268469 133583 268467     59    0.095958    0.118025  105269.526518343  119.747889  12.535417  124.195444  18.652917  120.996694  18.600417  120.995966  18.601223
268469 268470 107836 268468     60    0.118025    0.121873  105269.594668202  119.747889  12.535417  124.195444  18.652917  122.383278  17.317083    122.3825  17.317889
268470 268471 101052 268469     61    0.121873    0.122833  105269.670789926  119.747889  12.535417  124.195444  18.652917  123.871667  13.352028  123.870861   13.35125
268471 268472 133696 268470     62    0.122833    0.123764  105269.716017093  119.747889  12.535417  124.195444  18.652917  120.390833  17.534556  120.390028   17.53375
268472 268473  25500 268471     63    0.123764    0.123999  105270.472026682  119.747889  12.535417  124.195444  18.652917  122.755741  13.784589  122.754972  13.785417
268473 268474 113857 268472     64    0.123999    0.124306  105270.534038374  119.747889  12.535417  124.195444  18.652917  123.983394  12.964548  123.984167  12.963722
268474 268475 134323 268473     65    0.124306    0.124616   105270.57871465  119.747889  12.535417  124.195444  18.652917   120.40294  17.503345  120.402111  17.504139
268475 268476  59941 268474     66    0.124616    0.125474   105270.76194247  119.747889  12.535417  124.195444  18.652917  121.647917  18.325861  121.647056  18.326639
268476 268477  28409 268475     67    0.125474     0.12576  105271.393036888  119.747889  12.535417  124.195444  18.652917  120.344563  14.629145   120.34375  14.628333
268477 268478 122257 268476     68     0.12576    0.126864  105271.447429713  119.747889  12.535417  124.195444  18.652917  120.582889  14.214139  120.582056  14.213333
268478 268479 133501 268477     69    0.126864     0.12692  105271.492815797  119.747889  12.535417  124.195444  18.652917  122.642083    14.2875  122.642917  14.288306
268479 268480 114275 268478     70     0.12692    0.126961  105271.554354384  119.747889  12.535417  124.195444  18.652917  123.770833   13.86375      123.77  13.864556
268480 268481 114660 268479     71    0.126961     0.12701   105271.61545341  119.747889  12.535417  124.195444  18.652917  123.458333   13.96375  123.459167  13.964556
268481 268482 133046 268480     72     0.12701    0.127297  105271.661164306  119.747889  12.535417  124.195444  18.652917  123.710833  12.889556  123.711667   12.88875
268482 268483 129009 268481     73    0.127297    0.127351  105271.709073238  119.747889  12.535417  124.195444  18.652917  122.591639  13.896222  122.590861  13.895361
268483 268484  42315 268482     74    0.127351    0.127937  105272.034505261  119.747889  12.535417  124.195444  18.652917  120.396639  17.517083  120.395778  17.517889
