   575 185628      -      -      1           0    0.095756     389.493318914   73.239083 -53.197944   73.847556 -52.960417   73.559917 -53.019611   73.559944  -53.01875
   693 249483      -      -      1           0    0.562913     293.839614897   37.583667 -46.982139   37.911222 -46.822917   37.727472 -46.826278   37.728333  -46.82125
  1060 187137      -      -      1           0     0.05765     152.764408107    51.64625 -46.471278   51.880417 -46.337917   51.774583 -46.348389   51.775333 -46.348361
  1174 187399      -      -      1           0    0.086536     131.096086372   52.092028 -46.482972    52.32875  -46.38625      52.215 -46.482139   52.215028 -46.482917
  1761 188687      -      -      1           0     0.11531     69.6434825816   50.174583 -46.157111   50.305417 -46.062917      50.275 -46.063778   50.275833 -46.062917
  1865 273469      -      -      1           0   89.028601      62.626383402   77.501917  -37.90125   77.601306 -37.809556    77.55475  -37.90125   77.513333  -38.70125
  2167 189411      -      -      1           0    0.245753     48.1209761281   69.147917 -48.985444   69.248778 -48.851278   69.214529 -48.874948   69.217889 -48.874972
  2189 244635      -      -      1           0    0.108057     47.0796519541   37.866222 -46.673778   37.999556 -46.604583   37.903301 -46.604607     37.9025 -46.603806
  2663 190290      -      -      1           0    0.105333     34.6911184063   69.398722 -48.895472   69.505444 -48.823778   69.412528 -48.827083   69.413319 -48.826292
  5221 296703      -      -      1           0    2.612182     11.3053257614   68.605361 -48.653806   68.681194 -48.621278   68.681194   -48.6275   68.716167 -48.631694
  5502 194057      -      -      1           0    0.112822     10.2877647344   77.507028 -38.738778   77.552889  -38.70125   77.536942 -38.712369   77.537944 -38.711722
  5536 194093      -      -      1           0    0.614319     10.2205108076   68.765444 -48.612083   68.815417 -48.569583   68.766222 -48.598333   68.759528 -48.595028
  5973 194541      -      -      1           0    0.095739     8.99370243454   69.747472 -49.679583   69.804194 -49.641278   69.788333 -49.679583   69.788333 -49.680444
  7662 205055      -      -      1           0    0.158257     5.83933063692   69.407889 -48.918778    69.43875  -48.88125   69.433306 -48.909611   69.435389     -48.91
  7687 196248      -      -      1           0    0.663218     5.79607297355   69.720778  -49.64875     69.7625 -49.597083   69.728306 -49.597111   69.722417 -49.592528
  7723 196273      -      -      1           0    0.560099     5.74043390194   50.387028 -46.468778   50.424556 -46.437111   50.390833 -46.444611   50.386667 -46.440472
  8487 196998      -      -      1           0    0.670756     4.88821621228   69.477083 -48.702944    69.51125 -48.670444   69.479528 -48.695861   69.470389 -48.695861
 10329 198609      -      -      1           0    0.095739     3.48155780834   70.060778 -49.498778   70.114167  -49.48375   70.065028 -49.484639   70.065028 -49.483778
 11376 218586      -      -      1           0    0.660436     2.95807595408   69.985833 -49.471278   70.017528 -49.455417   69.993278 -49.457083      69.995  -49.45125
 11551 199617      -      -      1           0    0.634452     2.89245725318    50.44275    -45.977   50.478083 -45.961472   50.457889 -45.961472      50.458 -45.955767
 12999 226145      -      -      1           0    1.029004     2.35741234711   69.669111  -49.22375   69.704194 -49.207111   69.698306 -49.207111   69.699917 -49.197917
 13178 272266      -      -      1           0    0.566684     2.29886865781   70.079111 -49.479639   70.114167 -49.464556       70.08 -49.479639   70.078278 -49.484611
 14129 198610      -      -      1           0    0.237465     2.04441812209   70.035806 -49.484611     70.0675 -49.470417   70.059972 -49.484611   70.060861 -49.486667
 14498 201817      -      -      1           0    0.227145     1.96044005901   69.464528  -48.72875    69.49375 -48.715417   69.470778 -48.728722   69.472444 -48.730444
 15743 202700      -      -      1           0    0.905548     1.70139749294   69.609556 -48.934639   69.629556  -48.91375   69.621583 -48.934639   69.626611 -48.942083
 16771 203438      -      -      1           0    0.144926     1.52814557982   72.587417  -53.05375   72.607472 -53.035417   72.594972 -53.035444   72.596639 -53.034611
 17261 310157      -      -      1           0     1.24778     1.46058494827   70.035806 -49.511278     70.0625 -49.502944   70.024139 -49.495056   70.035806 -49.503333
 19152 205054      -      -      1           0    0.151406     1.22839854007   69.435389 -48.916278   69.450417 -48.899611   69.443333 -48.915417   69.444972  -48.91625
 19445 205247      -      -      1           0    0.247125     1.19433151829   69.642417 -49.019639   69.669139 -49.009583   69.669112 -49.013321     69.6725 -49.013333
 21017 310159      -      -      1           0    1.258088     1.04485649689   70.229111  -49.50875   70.252472  -49.49875   70.251611  -49.50875   70.260806 -49.518361
 21784 304634      -      -      1           0     6.07029    0.979786729263   68.712028 -48.758778   68.728722  -48.74875   68.782444 -48.708806   68.727417 -48.749583
 23779 199618      -      -      1           0    0.636825    0.850416503672   50.423667 -45.978722   50.436472 -45.968889   50.436472 -45.972583   50.443722 -45.969861
 25320 208705      -      -      1           0    0.742292    0.765946261333   70.007444 -49.409639     70.0175 -49.397083     70.0175 -49.399194   70.027444 -49.397556
 26849 209582      -      -      1           0    0.365856     0.69310442061   68.728722 -48.642944   68.742083 -48.629639   68.728722    -48.635   68.723743 -48.634982
 27167 208705      -      -      1           0    0.742292     0.67914061281   70.025833 -49.399611   70.035861  -49.38875   70.027444 -49.397556     70.0175 -49.399194
 27202 199617      -      -      1           0    0.634452    0.677825657175   50.452972 -45.955778   50.466722 -45.948444      50.458 -45.955767   50.457889 -45.961472
 27772 310149      -      -      1           0    1.077783    0.654613430455   70.150806 -49.502944   70.167417  -49.49375   70.156667 -49.502944   70.151694 -49.512083
 30786 208706      -      -      1           0    0.919315    0.554408515843   69.985806 -49.397972   69.999139 -49.390417   69.999083 -49.393333   70.009167 -49.398361
 33447 213040      -      -      1           0    0.470584    0.482792311534   73.570806 -52.921278   73.582472 -52.912917   73.578333 -52.921278       73.58 -52.925389
 35853 218587      -      -      1           0    0.710673    0.431741158465   70.007444 -49.443778   70.020833 -49.437917   70.007472 -49.443333   69.999111 -49.446694
 35926 209582      -      -      1           0    0.365856    0.429999163776   68.716167 -48.640444    68.72375 -48.630444   68.723743 -48.634982   68.728722    -48.635
 37271 281698      -      -      1           0    1.319507    0.404149411519   68.865806 -50.017111     68.8775 -50.010444   68.865806 -50.014194   68.853333 -50.005444
 37922 215267      -      -      1           0      0.2036      0.3927746917   69.187861 -48.726278   69.194611 -48.715417   69.187861 -48.717528   69.185535 -48.716529
 38298 215462      -      -      1           0    2.319638    0.386758569778   69.545361 -48.848778    69.55625 -48.842083   69.546694  -48.84875   69.546667 -48.869611
 38977 272267      -      -      1           0    0.732327    0.375170926345   70.072472 -49.464611   70.084111 -49.459583   70.090806 -49.468333   70.084111 -49.463389
 39766 202700      -      -      1           0    0.905548    0.361781730176   69.626222 -48.946278   69.637889  -48.94125   69.626611 -48.942083   69.621583 -48.934639
 43517 310148      -      -      1           0     1.01616    0.310809715932   70.014167 -49.496333   70.024194 -49.491222   70.014194 -49.493306   70.002444 -49.498333
 45096 218585      -      -      1           0    0.439874     0.29352098129   69.989139 -49.451278   69.999111  -49.44625   69.989139 -49.447528   69.985742 -49.444246
 46524 219210      -      -      1           0    0.459569     0.27896162726   69.494556 -48.897111   69.502056 -48.889583   69.494583 -48.891722   69.489368 -48.894029
 46610 219244      -      -      1           0    0.519582    0.278048908473   69.702444 -49.179611   69.714194 -49.175417   69.702444 -49.178361    69.69575     -49.18
 46790 196273      -      -      1           0    0.560099    0.276212777199    50.37875 -46.440472   50.387917  -46.43625   50.386667 -46.440472   50.390833 -46.444611
 48315 218585      -      -      1           0    0.439874    0.262257779238   69.975833 -49.444583   69.985861 -49.440417   69.985742 -49.444246   69.989139 -49.447528
 55304 303554      -      -      1           0    0.822979    0.210322220891   69.982472 -49.132139   69.990833 -49.127917   69.988361 -49.132111   69.993361  -49.13875
 57594 218588      -      -      1           0    0.758124    0.196009706818   70.027444 -49.450444   70.037472 -49.446278   70.019111 -49.443361   70.027444   -49.4475
 59390 187404      -      -      1           0    0.196735    0.186298163089   52.253722 -46.487944   52.262083 -46.483778   52.260806 -46.484611   52.261667 -46.482944
 61880 225247      -      -      1           0      1.5159    0.173607592923   68.807528 -49.829611   68.815833 -49.825389   68.811611 -49.825389   68.806639 -49.812139
 61991 225298      -      -      1           0    0.372308      0.1731301331   70.049111 -49.462111   70.055833 -49.457917   70.049139 -49.458333   70.044139 -49.457528
 62097 196998      -      -      1           0    0.670756    0.172660821117    69.46375 -48.698778   69.470389 -48.693778   69.470389 -48.695861   69.479528 -48.695861
 64407 226143      -      -      1           0    0.219152    0.162326317716   69.697444 -49.197917     69.7075 -49.195417   69.707433 -49.196638   69.709111    -49.195
 67299 227211      -      -      1           0    0.155093    0.150440909678   68.859111 -49.422917   68.864111 -49.417944   68.864111   -49.4225   68.865861 -49.423306
 69757 213040      -      -      1           0    0.470584    0.141679349072   73.575778 -52.928806   73.584167 -52.925389       73.58 -52.925389   73.578333 -52.921278
 69904 303552      -      -      1           0    0.781829    0.141252406273   69.735833 -49.245444   69.745861 -49.242917    69.72575   -49.2475   69.735833 -49.245028
 70557 194093      -      -      1           0    0.614319    0.139235320989    68.75375 -48.596278   68.759528 -48.592083   68.759528 -48.595028   68.766222 -48.598333
 73626 315282      -      -      1           0    1.650446    0.129389535553   69.497444 -49.165417   69.504167 -49.162111   69.501639 -49.165417      69.495 -49.179611
 73818 229446      -      -      1           0    1.673993     0.12879500766   70.102472 -49.442111   70.112444 -49.439611   70.112444 -49.440833   70.130778 -49.450028
 77622 230690      -      -      1           0    0.183775    0.118234713817     69.4545 -48.902111   69.457944 -48.897083    69.45793 -48.900851   69.460444 -48.900833
 77642 226143      -      -      1           0    0.219152    0.118190476469   69.709111 -49.196306     69.7175 -49.193778   69.709111    -49.195   69.707433 -49.196638
 77886 188688      -      -      1           0    0.252506     0.11753656862   50.247056 -46.157972   50.252083 -46.153722   50.252083 -46.155861   50.255361 -46.155833
 80798 231684      -      -      1           0    0.192201    0.110866699949   69.642861 -48.776278   69.647083 -48.772083   69.646639 -48.772083   69.647472 -48.770444
 82702 227211      -      -      1           0    0.155093    0.106530974832   68.865861 -49.423778   68.870861 -49.420389   68.865861 -49.423306   68.864111   -49.4225
 83119 310145      -      -      1           0    0.963391    0.105787358812   70.045806 -49.112083   70.050806 -49.107972   70.046694 -49.112083   70.055861 -49.118333
 86224 233220      -      -      1           0    0.259022    0.099272357491   37.933667 -46.607139   37.938778 -46.602917   37.933667 -46.603361   37.930806 -46.602111
 87566 188687      -      -      1           0     0.11531    0.097022206045   50.273722 -46.064611   50.279528 -46.060444   50.275833 -46.062917      50.275 -46.063778
 88045 310144      -      -      1           0    0.956012   0.0962554552993   69.867444 -49.496333     69.8725  -49.49375     69.8725 -49.494222   69.880806 -49.487528
 88059 233751      -      -      1           0    0.367804   0.0962280770211   69.712444 -49.166306   69.719139  -49.16375    69.71825  -49.16375   69.721611 -49.161278
 88399 190290      -      -      1           0    0.105333   0.0956857397602   69.411222 -48.826306   69.417944 -48.822111   69.413319 -48.826292   69.412528 -48.827083
 88736 330899      -      -      1           0   31.790524   0.0950325916307   69.500806 -49.948778   69.505833 -49.945389   69.501639 -49.945389   69.639944 -49.673778
 94033 235339      -      -      1           0    0.165127   0.0861743295266   69.632889 -48.997111   69.635361 -48.992083   69.634167 -48.997111   69.635389 -48.998361
 96273 194543      -      -      1           0    0.222964   0.0823967580317   69.774083 -49.677083   69.779111 -49.673778   69.779111 -49.675028   69.780833 -49.673361
 96493 205054      -      -      1           0    0.151406   0.0821562321261   69.442056 -48.919583   69.446278  -48.91625   69.444972  -48.91625   69.443333 -48.915417
 97608 189413      -      -      1           0    0.974301   0.0809909086031    69.21125 -48.842944   69.216194 -48.839639   69.214972 -48.842944   69.219083 -48.851278
100119 296704      -      -      1           0    3.318542   0.0776391479054   68.775417  -48.66125   68.779583 -48.657889     68.7775 -48.657889   68.739556 -48.641694
100728 237057      -      -      1           0    0.110276   0.0766096898082   69.641194 -48.992083   69.645389 -48.988722   69.643361 -48.988778   69.644111 -48.987917
104258 333993      -      -      1           0   49.521646   0.0724079098282   68.132444 -49.974583   68.135861  -49.97125   68.135806 -49.971667   68.760889 -49.781722
104261 328479      -      -      1           0   13.004482   0.0724060303799   68.802889 -48.452917   68.807083 -48.450389   68.804167 -48.452917   68.792444 -48.569611
104993 226144      -      -      1           0    0.776074   0.0716855137887   69.727472 -49.199611   69.734111 -49.197944     69.7175 -49.195861   69.727472 -49.198361
107205 238710      -      -      1           0    0.305536   0.0690132254512    69.59375 -48.914611   69.597056 -48.911278   69.595214 -48.914365   69.598722 -48.915861
107606 203438      -      -      1           0    0.144926   0.0684513034287   72.592417 -53.034611     72.5975 -53.031278   72.596639 -53.034611   72.594972 -53.035444
113389 233751      -      -      1           0    0.367804   0.0625279013607   69.720833 -49.161278   69.729167 -49.159583   69.721611 -49.161278    69.71825  -49.16375
113763 315288      -      -      1           0    2.204753   0.0621047908194     69.7625 -49.227111   69.765833 -49.224583   69.763306 -49.227111   69.744972 -49.242917
114355 240436      -      -      1           0    0.271768   0.0614492206352   70.134111 -49.029611   70.137472 -49.027083   70.136639 -49.027083   70.136667 -49.024639
114620 303557      -      -      1           0    0.883279   0.0611506830251     70.3525 -49.361278   70.355806 -49.358722   70.355806 -49.359167   70.363333 -49.352917
116086 310156      -      -      1           0     1.24272   0.0595803796567   69.305833 -49.632917   69.309111 -49.630417   69.305833 -49.630806   69.294194 -49.622556
116097 240836      -      -      1           0    0.191488   0.0595733191856   68.425833 -49.515417   68.429111 -49.512917   68.426639 -49.512972   68.426667  -49.51125
116240 260434      -      -      1           0    0.405501   0.0594378727496   69.466194 -48.906278   69.469583 -48.902972    69.46625 -48.903333   69.461667 -48.901278
122935 189412      -      -      1           0    0.576422    0.053797133017   69.140389 -48.936278    69.14375 -48.933778    69.14375 -48.935028   69.151222 -48.933361
123021 242456      -      -      1           0    0.721545   0.0537223087275   69.483694 -48.662972   69.486194 -48.659611   69.483694     -48.66   69.474611 -48.657528
124196 235339      -      -      1           0    0.165127   0.0525914013566   69.635389 -48.999611   69.638694 -48.997083   69.635389 -48.998361   69.634167 -48.997111
124427 219210      -      -      1           0    0.459569   0.0523224848323   69.487917 -48.897111   69.490361 -48.893806   69.489368 -48.894029   69.494583 -48.891722
126209 243024      -      -      1           0    0.216216   0.0503113787372   70.492472 -49.498778   70.495861 -49.496278      70.495 -49.498778   70.496611 -49.500417
126233 229446      -      -      1           0    1.673993   0.0502934838311   70.130778 -49.451278   70.134194 -49.448806   70.130778 -49.450028   70.112444 -49.440833
126299 320188      -      -      1           0    4.049629   0.0502211323816   69.760778 -49.130444   69.764167 -49.127944   69.760778     -49.13   69.728306 -49.159583
126532 310153      -      -      1           0    1.214134    0.049971408956     68.7375 -49.207944   68.742472 -49.206278   68.742472 -49.206667   68.759139 -49.205861
126583 243112      -      -      1           0    0.113135   0.0499208004719   68.849083 -50.005444   68.854139 -50.003778   68.849083 -50.004167     68.8475 -50.004167
129806 215267      -      -      1           0      0.2036   0.0474867391459   69.182944 -48.717944   69.186222 -48.714583   69.185535 -48.716529   69.187861 -48.717528
131064 185629      -      -      1           0    0.137643   0.0468730268521   73.354139 -53.038778   73.359194 -53.037083   73.359194   -53.0375    73.36082 -53.038259
132971 244634      -      -      1           0    0.100474   0.0457628454874   37.900361 -46.603806   37.903778 -46.601222   37.900778 -46.602056   37.899556 -46.601722
133998 187401      -      -      1           0    0.118742   0.0449712452092   52.317889 -46.461306   52.321222 -46.459583   52.318361 -46.459611   52.317444  -46.45875
134289 274475      -      -      1           0    1.175578   0.0447080029254   51.648722 -46.370444   51.651222 -46.367083   51.650833 -46.370444   51.655806 -46.380444
135479 242456      -      -      1           0    0.721545   0.0435607681135   69.472028 -48.657944   69.474611 -48.655417   69.474611 -48.657528   69.483694     -48.66
136245 245167      -      -      1           0    0.403645   0.0428106508917   68.747889 -48.629611   68.750417  -48.62625   68.750417 -48.626639   68.754972 -48.624611
138295 315285      -      -      1           0    1.910085   0.0407552600087   69.657444 -49.237111   69.660861 -49.235389   69.659972 -49.235444   69.669972 -49.219556
138849 240436      -      -      1           0    0.271768   0.0401567899199   70.135778 -49.024639   70.139167 -49.022917   70.136667 -49.024639   70.136639 -49.027083
138946 320186      -      -      1           0    3.067059   0.0400699589089   70.187528 -49.383806     70.1925 -49.382083   70.191694 -49.382111   70.194972 -49.354611
139241 245812      -      -      1           0    0.278016   0.0398266952683   70.199167 -49.502972   70.202528  -49.50125   70.201694 -49.501278   70.201639 -49.498778
139292 245812      -      -      1           0    0.278016   0.0397928169415   70.200833 -49.498778   70.205806 -49.497083   70.201639 -49.498778   70.201694 -49.501278
139511 317406      -      -      1           0    2.682467   0.0396523750131   70.452444 -49.467139   70.455861 -49.465417   70.453306 -49.465444   70.440028 -49.442917
139992 245962      -      -      1           0    1.088214   0.0393304223521   70.164194 -49.062972     70.1675  -49.06125      70.165 -49.062917       70.16 -49.072139
140656 315283      -      -      1           0    1.684002   0.0389611537328   69.064139  -49.71875   69.067472 -49.717111   69.064917 -49.717111   69.056639 -49.702944
141007 315284      -      -      1           0    1.844143   0.0387914525613   68.740861 -49.616306   68.744111 -49.614611   68.744111 -49.615028   68.767528 -49.608333
141113 246221      -      -      1           0    0.151538   0.0387312670631   70.004139 -49.107944     70.0075 -49.106278   70.004889 -49.107887   70.003278  -49.10875
141832 240437      -      -      1           0    0.277995   0.0384028013447   70.135861 -49.020417   70.139167  -49.01875   70.136639 -49.022917   70.136667 -49.020417
141929 243112      -      -      1           0    0.113135   0.0383547254845   68.844194 -50.006278     68.8475 -50.003778     68.8475 -50.004167   68.849083 -50.004167
141970 244634      -      -      1           0    0.100474   0.0383332183016    37.89625 -46.602139   37.899583 -46.600417   37.899556 -46.601722   37.900778 -46.602056
142024 315292      -      -      1           0    2.474545   0.0383044466747   70.370806 -49.578778   70.374167 -49.577111   70.370806 -49.577556   70.342444 -49.565028
142179 245962      -      -      1           0    1.088214   0.0382206723073     70.1575 -49.073778   70.160833 -49.072139       70.16 -49.072139      70.165 -49.062917
143812 246723      -      -      1           0    0.205287   0.0372470801799    69.46375 -48.912111   69.467028 -48.910389    69.46375 -48.911667   69.461222 -48.912472
144943 275033      -      -      1           0    1.168515   0.0363969912999   73.402472 -53.164611   73.405806 -53.162917   73.405806 -53.163333   73.422444 -53.160028
145212 185631      -      -      1           0     0.14607   0.0361871699772   73.410778 -53.152944   73.414167 -53.150472   73.412497 -53.150878   73.414167 -53.150028
145497 215268      -      -      1           0    0.288003   0.0359574433094   69.182917 -48.712056   69.184556  -48.70875      69.185 -48.714583   69.184139 -48.712056
147919 187403      -      -      1           0    0.195648   0.0338489530689     52.2195 -46.484639   52.222083 -46.482917   52.217028 -46.483361   52.219583 -46.483333
149558 187402      -      -      1           0    0.120039   0.0321769612902   52.126222 -46.458778   52.128778 -46.457139   52.128278 -46.457139   52.129167  -46.45625
149924 247903      -      -      1           0    0.203312     0.03180846659   69.667889 -48.968806   69.670417  -48.96625   69.668333 -48.967972   69.665833 -48.968778
151563 317407      -      -      1           0    2.732526   0.0306997376257   69.514556  -48.83125   69.517056 -48.828778   69.514917  -48.83125        69.5 -48.853778
151731 238710      -      -      1           0    0.305536   0.0306185999232   69.598722  -48.91625   69.602083 -48.914611   69.598722 -48.915861   69.595214 -48.914365
152802 201817      -      -      1           0    0.227145   0.0301593792586   69.472083 -48.732083   69.474528 -48.730444   69.472444 -48.730444   69.470778 -48.728722
154000 303553      -      -      1           0    0.802999   0.0297090815254   69.672444 -49.678806   69.675806 -49.677056   69.673333 -49.677056   69.666639 -49.671278
156716 194541      -      -      1           0    0.095739   0.0282431231738   69.785778 -49.682111   69.789139 -49.680417   69.788333 -49.680444   69.788333 -49.679583
156775 187137      -      -      1           0     0.05765   0.0281919857333   51.775333 -46.350417   51.777083 -46.347917   51.775333 -46.348361   51.774583 -46.348389
157117 243024      -      -      1           0    0.216216   0.0279290771959   70.495833 -49.502139   70.499167 -49.500417   70.496611 -49.500417      70.495 -49.498778
157354 225298      -      -      1           0    0.372308   0.0277562837257   70.040806 -49.457944   70.044194 -49.456278   70.044139 -49.457528   70.049139 -49.458333
157444 196248      -      -      1           0    0.663218   0.0276906677706   69.719167 -49.592944     69.7225 -49.591278   69.722417 -49.592528   69.728306 -49.597111
157514 225247      -      -      1           0      1.5159    0.027638304174   68.804167 -49.812139   68.807417 -49.810417   68.806639 -49.812139   68.811611 -49.825389
157561 249196      -      -      1           0    0.154968   0.0276067764688   69.862472 -49.721278   69.864139  -49.71875   69.862528 -49.719167   69.860833 -49.718306
157564 315289      -      -      1           0    2.256939   0.0276056429747     68.6975  -49.09125   68.700806 -49.089583   68.700806 -49.090861   68.730833 -49.085833
157947 205247      -      -      1           0    0.247125   0.0273172002106     69.6725  -49.01375   69.675861 -49.012139     69.6725 -49.013333   69.669112 -49.013321
157982 263170      -      -      1           0    4.410766   0.0272933718341   68.760806 -49.782111   68.762472 -49.779611   68.762472 -49.781667   68.804167 -49.810806
158931 249482      -      -      1           0    0.133021   0.0265022874035   37.727028 -46.821278   37.729583 -46.819583   37.729532 -46.820082   37.731278 -46.820028
159481 185632      -      -      1           0    0.285516    0.025922474552   73.564139 -53.017139   73.567444 -53.015417   73.562444 -53.018333   73.565535 -53.016562
159528 185628      -      -      1           0    0.095756   0.0258790114652   73.559111 -53.018778   73.562444 -53.017111   73.559944  -53.01875   73.559917 -53.019611
159581 203439      -      -      1           0    0.228405    0.025831759237   72.580806 -53.049611   72.584167 -53.047917   72.584111 -53.048361   72.587528 -53.048361
159986 215462      -      -      1           0    2.319638   0.0253645689111   69.545361 -48.871278   69.547889 -48.869611   69.546667 -48.869611   69.546694  -48.84875
160007 245167      -      -      1           0    0.403645   0.0253385974663   68.753694 -48.624611   68.756194 -48.622944   68.754972 -48.624611   68.750417 -48.626639
160084 260433      -      -      1           0    0.361799   0.0252409591173    69.45125  -48.82375    69.45375 -48.822083   69.447122  -48.82515    69.45125 -48.823361
160110 230690      -      -      1           0    0.183775   0.0252143137031   69.460444 -48.901278   69.462861 -48.899583   69.460444 -48.900833    69.45793 -48.900851
160529 259463      -      -      1           0    0.612707   0.0247313806977    69.19125 -48.707083   69.192917 -48.704611   69.191278 -48.705833   69.184194  -48.70875
163795 187138      -      -      1           0    0.189448    0.021420686945   51.796194 -46.467944   51.797861 -46.466222   51.797528 -46.466222   51.798333 -46.464611
164038 188689      -      -      1           0    0.493157   0.0212660297027   50.242861 -46.150444   50.244611 -46.148778   50.248333 -46.153778   50.244111 -46.150444
164746 187139      -      -      1           0    0.264954   0.0208157183782   51.801222 -46.471278   51.802889 -46.469583   51.802528 -46.469611      51.805 -46.467944
165128 249482      -      -      1           0    0.133021   0.0205063584396   37.731222 -46.820444   37.732889  -46.81875   37.731278 -46.820028   37.729532 -46.820082
165233 233220      -      -      1           0    0.259022   0.0204117530343   37.929556 -46.602111    37.93125 -46.600444   37.930806 -46.602111   37.933667 -46.603361
165797 247903      -      -      1           0    0.203312   0.0198246991319   69.664611 -48.970444   69.667056 -48.968778   69.665833 -48.968778   69.668333 -48.967972
166012 237057      -      -      1           0    0.110276   0.0196330515545    69.64375 -48.987917   69.645417 -48.986278   69.644111 -48.987917   69.643361 -48.988778
166038 310146      -      -      1           0    0.975897   0.0196013858116   69.142056 -48.732139   69.143694 -48.730472   69.142056 -48.731667    69.12875 -48.731667
166327 250639      -      -      1           0    0.252706   0.0193385459931    68.83625 -48.942917   68.837889 -48.940417   68.836611 -48.940417    68.83375 -48.939139
167560 249196      -      -      1           0    0.154968   0.0175459011395   69.857472 -49.718806   69.860833 -49.717917   69.860833 -49.718306   69.862528 -49.719167
167650 225299      -      -      1           0    0.554371    0.017405163837   70.062444 -49.457917   70.064194  -49.45625   70.062444 -49.457528   70.055833 -49.460056
167843 194542      -      -      1           0    0.154512   0.0170584966167     69.7525 -49.668806    69.75575 -49.667944    69.75575 -49.668333     69.7575 -49.667528
167953 198609      -      -      1           0    0.095739   0.0168517689906   70.064139 -49.483778   70.065806 -49.482056   70.065028 -49.483778   70.065028 -49.484639
167998 246221      -      -      1           0    0.151538   0.0167807174521   70.002444 -49.110417   70.004167  -49.10875   70.003278  -49.10875   70.004889 -49.107887
168011 240836      -      -      1           0    0.191488   0.0167644576509   68.425806  -49.51125   68.427472 -49.509583   68.426667  -49.51125   68.426639 -49.512972
168180 317405      -      -      1           0    2.500716   0.0164510856249   68.735806 -49.642083   68.737472 -49.640417   68.737472 -49.641694   68.757528 -49.660056
168221 315278      -      -      1           0    1.475204   0.0163698283617   70.145778 -49.484583   70.147444 -49.482944   70.147444 -49.484194   70.161611  -49.49375
168317 219244      -      -      1           0    0.519582     0.01619113206   69.694111  -49.18125    69.69575 -49.179611    69.69575     -49.18   69.702444 -49.178361
168426 185630      -      -      1           0    0.143449   0.0159883443451   73.429111 -53.029611   73.432528  -53.02875   73.429944 -53.029611   73.428306 -53.030444
168461 194057      -      -      1           0    0.112822   0.0159230351384   77.537944 -38.712111   77.539556 -38.710417   77.537944 -38.711722   77.536942 -38.712369
168542 208707      -      -      1           0    1.027436   0.0158046588724   69.975833 -49.386278   69.977472 -49.384639   69.985806 -49.393333   69.976639 -49.386278
168979 251026      -      -      1           0    0.255529   0.0149553193347   69.592861 -48.727944   69.594583 -48.726278   69.592861 -48.727472   69.589583 -48.726694
168986 187399      -      -      1           0    0.086536   0.0149471812825   52.214528 -46.483778   52.217028 -46.482917   52.215028 -46.482917      52.215 -46.482139
169036 260436      -      -      1           0    0.562193   0.0148410213998   69.444528  -48.81875   69.446278 -48.817083   69.444944 -48.823778    69.44575  -48.81875
169312 250640      -      -      1           0    0.272236   0.0143366880255   68.829611 -48.936278    68.83125 -48.934583   68.833306 -48.937972    68.83107 -48.936013
169424 282733      -      -      1           0    0.864111   0.0141237052667   69.595389 -48.716278   69.597056 -48.714611   69.596611 -48.716278   69.589611 -48.722528
169598 187400      -      -      1           0    0.106354   0.0137484949138   52.329556 -46.447917   52.332056 -46.447139       52.33 -46.447917    52.32875 -46.448333
169626 251113      -      -      1           0    0.183768   0.0137128974406   69.500417 -48.627083   69.502056 -48.625472   69.502056 -48.625889   69.504556 -48.625861
176744 282732      -      -      1           0    0.670209   0.0092070782534   69.577028 -48.726306   69.578778 -48.725444   69.578778 -48.725833   69.587833 -48.726639
176816 246723      -      -      1           0    0.205287  0.00906779240004   69.460361 -48.913806    69.46125 -48.912083   69.461222 -48.912472    69.46375 -48.911667
176893 315279      -      -      1           0    1.526382  0.00891728512865   68.797028 -48.904583   68.797917 -48.902944   68.797917 -48.903333   68.816194 -48.896694
176898 251026      -      -      1           0    0.255529  0.00890391519605   69.587833 -48.727111   69.589583  -48.72625   69.589583 -48.726694   69.592861 -48.727472
176901 189411      -      -      1           0    0.245753  0.00889584243294   69.217889 -48.875472   69.219528 -48.874583   69.217889 -48.874972   69.214529 -48.874948
176933 251027      -      -      1           0    0.281108  0.00881686383401   69.588667 -48.723722   69.589611 -48.722139   69.589139  -48.72625   69.589111 -48.723722
176938 304633      -      -      1           0    5.109451  0.00880853652978   68.782028 -48.708806   68.782889 -48.707083   68.782472 -48.707083     68.7775  -48.66125
176973 325217      -      -      1           0    8.311441  0.00872051425999   69.717028 -48.868778   69.717917 -48.867139     69.7175 -48.868778   69.626694  -48.91375
176981 262430      -      -      1           0    1.512676  0.00870341882745   69.667889 -48.767111    69.66875 -48.765444   69.667889 -48.766667   69.647889 -48.770028
177009 250639      -      -      1           0    0.252706   0.0086184074321   68.832889 -48.939611    68.83375 -48.937972    68.83375 -48.939139   68.836611 -48.940417
177050 189414      -      -      1           0    1.191702  0.00844206070754   69.230417 -48.867083   69.231278 -48.865472   69.219194 -48.874583   69.230833 -48.867083
177083 251113      -      -      1           0    0.183768  0.00830311465266   69.504556 -48.627083   69.505417 -48.625417   69.504556 -48.625861   69.502056 -48.625889
177150 310152      -      -      1           0    1.162115  0.00792168042342   68.793722 -48.949583     68.7945 -48.947944     68.7945 -48.949194   68.809583 -48.952528
177167 317408      -      -      1           0     2.75335  0.00778676967063   69.707944  -48.97125   69.709583 -48.970472   69.707944 -48.970861   69.670417 -48.968361
179324 231684      -      -      1           0    0.192201   0.0028328886984   69.647028 -48.770444   69.647889 -48.769639   69.647472 -48.770444   69.646639 -48.772083
185628 185629 159528    575      2    0.095756    0.137643  389.519197925465   73.239083 -53.197944   73.847556 -52.960417    73.36082 -53.038259   73.359194   -53.0375
185629 185630 131064 185628      3    0.137643    0.143449  389.566070952317   73.239083 -53.197944   73.847556 -52.960417   73.428306 -53.030444   73.429944 -53.029611
185630 185631 168426 185629      4    0.143449     0.14607  389.582059296662   73.239083 -53.197944   73.847556 -52.960417   73.414167 -53.150028   73.412497 -53.150878
185631 185632 145212 185630      5     0.14607    0.285516   389.61824646664   73.239083 -53.197944   73.847556 -52.960417   73.565535 -53.016562   73.562444 -53.018333
185632 275033 159481 185631      6    0.285516    1.168515  389.644168941192   73.239083 -53.197944   73.847556 -52.960417   73.422444 -53.160028   73.405806 -53.163333
187137 187138 156775   1060      2     0.05765    0.189448  152.792600092733    51.64625 -46.471278   51.880417 -46.337917   51.798333 -46.464611   51.797528 -46.466222
187138 187139 163795 187137      3    0.189448    0.264954  152.814020779678    51.64625 -46.471278   51.880417 -46.337917      51.805 -46.467944   51.802528 -46.469611
187139 274475 164746 187138      4    0.264954    1.175578  152.834836498056    51.64625 -46.471278   51.880417 -46.337917   51.655806 -46.380444   51.650833 -46.370444
187399 187400 168986   1174      2    0.086536    0.106354  131.111033553283   52.092028 -46.483778    52.32875  -46.38625    52.32875 -46.448333       52.33 -46.447917
187400 187401 169598 187399      3    0.106354    0.118742  131.124782048196   52.092028 -46.483778   52.332056  -46.38625   52.317444  -46.45875   52.318361 -46.459611
187401 187402 133998 187400      4    0.118742    0.120039  131.169753293406   52.092028 -46.483778   52.332056  -46.38625   52.129167  -46.45625   52.128278 -46.457139
187402 187403 149558 187401      5    0.120039    0.195648  131.201930254696   52.092028 -46.483778   52.332056  -46.38625   52.219583 -46.483333   52.217028 -46.483361
187403 187404 147919 187402      6    0.195648    0.196735  131.235779207765   52.092028 -46.484639   52.332056  -46.38625   52.261667 -46.482944   52.260806 -46.484611
187404 296825  59390 187403      7    0.196735   16.222664  131.422077370854   52.092028 -46.487944   52.332056  -46.38625   52.092028 -46.418389   51.880417 -46.416694
188687 188688  87566   1761      2     0.11531    0.252506   69.740504787645   50.174583 -46.157111   50.305417 -46.060444   50.255361 -46.155833   50.252083 -46.155861
188688 188689  77886 188687      3    0.252506    0.493157   69.858041356265   50.174583 -46.157972   50.305417 -46.060444   50.244111 -46.150444   50.248333 -46.153778
188689 271630 164038 188688      4    0.493157   14.720765  69.8793073859677   50.174583 -46.157972   50.305417 -46.060444     50.2775 -46.061278    50.42625 -45.978472
189411 189412 176901   2167      2    0.245753    0.576422  48.1298719705329   69.147917 -48.985444   69.248778 -48.851278   69.151222 -48.933361    69.14375 -48.935028
189412 189413 122935 189411      3    0.576422    0.974301  48.1836691035499   69.140389 -48.985444   69.248778 -48.851278   69.219083 -48.851278   69.214972 -48.842944
189413 189414  97608 189412      4    0.974301    1.191702   48.264660012153   69.140389 -48.985444   69.248778 -48.839639   69.230833 -48.867083   69.219194 -48.874583
189414 315280 177050 189413      5    1.191702    1.544406  48.2731020728606   69.140389 -48.985444   69.248778 -48.839639   69.140389 -48.935028   69.119583   -48.9375
190290 260431  88399   2663      2    0.105333    0.194373  34.7868041460602   69.398722 -48.895472   69.505444 -48.822111   69.454139 -48.895417   69.454944 -48.897083
194057 273469 168461   5502      2    0.112822   89.028601  10.3036877695384   77.507028 -38.738778   77.552889  -38.70125   77.513333  -38.70125    77.55475  -37.90125
194093 278095  70557   5536      2    0.614319    1.876424   10.359746128589    68.75375 -48.612083   68.815417 -48.569583   68.755778 -48.622944   68.767472 -48.607944
194541 194542 156716   5973      2    0.095739    0.154512   9.0219455577138   69.747472 -49.682111   69.804194 -49.641278     69.7575 -49.667528    69.75575 -49.668333
194542 194543 167843 194541      3    0.154512    0.222964   9.0390040543305   69.747472 -49.682111   69.804194 -49.641278   69.780833 -49.673361   69.779111 -49.675028
194543 303556  96273 194542      4    0.222964      0.8529   9.1214008123622   69.747472 -49.682111   69.804194 -49.641278   69.749167 -49.640028   69.759167 -49.644139
196248 303555 157444   7687      2    0.663218    0.847395   5.8237636413206   69.719167  -49.64875     69.7625 -49.591278   69.719167 -49.592472   69.707472 -49.591694
196273 296050  46790   7723      2    0.560099   32.419329    6.016646679139    50.37875 -46.468778   50.424556  -46.43625   50.380028 -46.436278   50.258333 -46.157111
196998 266100  62097   8487      2    0.670756    0.886816    5.060877033397    69.46375 -48.702944    69.51125 -48.670444       69.49 -48.670444   69.485778 -48.662972
198609 198610 167953  10329      2    0.095739    0.237465   3.4984095773306   70.060778 -49.498778   70.114167 -49.482056   70.060861 -49.486667   70.059972 -49.484611
198610 272266  14129 198609      3    0.237465    0.566684   5.5428276994206   70.035806 -49.498778   70.114167 -49.470417   70.078278 -49.484611       70.08 -49.479639
199617 199618  27202  11551      2    0.634452    0.636825    3.570282910355    50.44275    -45.977   50.478083 -45.948444   50.443722 -45.969861   50.436472 -45.972583
199618 271630  23779 199617      3    0.636825   14.720765    4.420699414027   50.423667 -45.978722   50.478083 -45.948444    50.42625 -45.978472     50.2775 -46.061278
201817 266101 152802  14498      2    0.227145    1.670145   1.9905994382686   69.464528 -48.732083    69.49375 -48.715417     69.4875 -48.715472   69.494944 -48.701278
202700 278766  39766  15743      2    0.905548    1.011268    2.063179223116   69.609556 -48.946278   69.637889  -48.91375   69.615389 -48.917528   69.602083 -48.915028
203438 203439 107606  16771      2    0.144926    0.228405   1.5965968832487   72.587417  -53.05375   72.607472 -53.031278   72.587528 -53.048361   72.584111 -53.048361
203439 305824 159581 203438      3    0.228405   42.765973   1.6224286424857   72.580806  -53.05375   72.607472 -53.031278    72.60575 -53.042528   73.239083 -52.990028
205054 205055  96493  19152      2    0.151406    0.158257   1.3105547721961   69.435389 -48.919583   69.450417 -48.899611   69.435389     -48.91   69.433306 -48.909611
205055 260432 205054   7662      3    0.158257    0.304584   7.1498854091161   69.407889 -48.919583   69.450417  -48.88125   69.450389 -48.900876   69.454556 -48.900861
205247 310151 157947  19445      2    0.247125    1.132114   1.2216487185006   69.642417 -49.019639   69.675861 -49.009583   69.651639 -49.019639   69.648306 -49.029583
208705 208706  27167  25320      2    0.742292    0.919315    1.445086874143   70.007444 -49.409639   70.035861  -49.38875   70.009167 -49.398361   69.999083 -49.393333
208706 208707  30786 208705      3    0.919315    1.027436    1.999495389986   69.985806 -49.409639   70.035861  -49.38875   69.976639 -49.386278   69.985806 -49.393333
208707 310160 168542 208706      4    1.027436    1.301314   2.0153000488584   69.975833 -49.409639   70.035861 -49.384639   69.976611 -49.384639   69.983306 -49.373778
209582 278094  35926  26849      2    0.365856     0.97967    1.123103584386   68.716167 -48.642944   68.742083 -48.629639   68.739167 -48.635417   68.749194 -48.629611
213040 297412  69757  33447      2    0.470584    9.678545    0.624471660606   73.570806 -52.928806   73.584167 -52.912917   73.579972  -52.92875   73.566583 -53.015417
215267 215268 129806  37922      2      0.2036    0.288003   0.4402614308459   69.182944 -48.726278   69.194611 -48.714583   69.184139 -48.712056      69.185 -48.714583
215268 259463 145497 215267      3    0.288003    0.612707   0.4762188741553   69.182917 -48.726278   69.194611  -48.70875   69.184194  -48.70875   69.191278 -48.705833
215462 317409 159986  38298      2    2.319638    2.765081   0.4121231386891   69.545361 -48.871278    69.55625 -48.842083   69.516639 -48.830444   69.545806  -48.84625
218585 218586  48315  45096      2    0.439874    0.660436    0.555778760528   69.975833 -49.451278   69.999111 -49.440417      69.995  -49.45125   69.993278 -49.457083
218586 218587 218585  11376      3    0.660436    0.710673    3.513854714608   69.975833 -49.471278   70.017528 -49.440417   69.999111 -49.446694   70.007472 -49.443333
218587 218588  35853 218586      4    0.710673    0.758124    3.945595873073   69.975833 -49.471278   70.020833 -49.437917   70.027444   -49.4475   70.019111 -49.443361
218588 272269  57594 218587      5    0.758124    0.884669    4.141605579891   69.975833 -49.471278   70.037472 -49.437917   70.043306 -49.456278   70.036694 -49.449583
219210 284873 124427  46524      2    0.459569    1.070538   0.3312841120923   69.487917 -48.897111   69.502056 -48.889583   69.488278 -48.893806   69.476694 -48.887917
219244 253769 168317  46610      2    0.519582    1.045065    0.294240040533   69.694111  -49.18125   69.714194 -49.175417   69.709972 -49.175444   69.713333 -49.166306
225247 263170 157514  61880      2      1.5159    4.410766    0.201245897097   68.804167 -49.829611   68.815833 -49.810417   68.804167 -49.810806   68.762472 -49.781667
225298 225299 157354  61991      2    0.372308    0.554371   0.2008864168257   70.040806 -49.462111   70.055833 -49.456278   70.055833 -49.460056   70.062444 -49.457528
225299 272268 167650 225298      3    0.554371    0.763682   0.2182915806627   70.040806 -49.462111   70.064194  -49.45625   70.072528 -49.461722   70.064194   -49.4575
226143 226144  77642  64407      2    0.219152    0.776074    0.280516794185   69.697444 -49.197917     69.7175 -49.193778   69.727472 -49.198361     69.7175 -49.195861
226144 226145 104993 226143      3    0.776074    1.029004   0.3522023079737   69.697444 -49.199611   69.734111 -49.193778   69.699917 -49.197917   69.698306 -49.207111
226145 310154 226144  12999      4    1.029004    1.229573   2.7096146550837   69.669111  -49.22375   69.734111 -49.193778   69.669167 -49.218361   69.654111 -49.213306
227211 310158  82702  67299      2    0.155093    1.255418     0.25697188451   68.859111 -49.423778   68.870861 -49.417944   68.869972 -49.420417      68.875 -49.409611
229446 315291 126233  73818      2    1.673993     2.41678   0.1790884914911   70.102472 -49.451278   70.134194 -49.439611   70.130806 -49.450889   70.110356 -49.468085
230690 260431 160110  77622      2    0.183775    0.194373   0.1434490275201     69.4545 -48.902111   69.462861 -48.897083   69.454944 -48.897083   69.454139 -48.895417
231684 262430 179324  80798      2    0.192201    1.512676   0.1136995886474   69.642861 -48.776278   69.647889 -48.769639   69.647889 -48.770028   69.667889 -48.766667
233220 261723 165233  86224      2    0.259022      0.5277   0.1196841105253   37.929556 -46.607139   37.938778 -46.600444     37.9375 -46.607139   37.934194 -46.611306
233751 253769 113389  88059      2    0.367804    1.045065   0.1587559783818   69.712444 -49.166306   69.729167 -49.159583   69.713333 -49.166306   69.709972 -49.175444
235339 280823 124196  94033      2    0.165127    0.554028   0.1387657308832   69.632889 -48.999611   69.638694 -48.992083   69.634677 -48.992613   69.641194 -48.990056
237057 280823 166012 100728      2    0.110276    0.554028   0.0962427413627   69.641194 -48.992083   69.645417 -48.986278   69.641194 -48.990056   69.634677 -48.992613
238710 278766 151731 107205      2    0.305536    1.011268   0.0996318253744    69.59375  -48.91625   69.602083 -48.911278   69.602083 -48.915028   69.615389 -48.917528
240436 240437 138849 114355      2    0.271768    0.277995   0.1016060105551   70.134111 -49.029611   70.139167 -49.022917   70.136667 -49.020417   70.136639 -49.022917
240437 281937 141832 240436      3    0.277995    4.080409   0.1400088118998   70.134111 -49.029611   70.139167  -49.01875   70.136611 -49.029611   70.164972  -49.06125
240836 330716 168011 116097      2    0.191488   23.416331   0.0763377768365   68.425806 -49.515417   68.429111 -49.509583   68.427472     -49.51   68.650833 -49.357528
242456 266100 135479 123021      2    0.721545    0.886816    0.097283076841   69.472028 -48.662972   69.486194 -48.655417   69.485778 -48.662972       69.49 -48.670444
243024 321343 157117 126209      2    0.216216    4.260311   0.0782404559331   70.492472 -49.502139   70.499167 -49.496278   70.492472 -49.496694   70.454944 -49.467139
243112 281698 141929 126583      2    0.113135    1.319507   0.0882755259564   68.844194 -50.006278   68.854139 -50.003778   68.853333 -50.005444   68.865806 -50.014194
244634 244635 141970 132971      2    0.100474    0.108057    0.084096063789    37.89625 -46.603806   37.903778 -46.600417     37.9025 -46.603806   37.903301 -46.604607
244635 261723 244634   2189      3    0.108057      0.5277   47.163748017889   37.866222 -46.673778   37.999556 -46.600417   37.934194 -46.611306     37.9375 -46.607139
245167 278094 160007 136245      2    0.403645     0.97967    0.068149248358   68.747889 -48.629611   68.756194 -48.622944   68.749194 -48.629611   68.739167 -48.635417
245812 310150 139292 139241      2    0.278016    1.112357   0.0796195122098   70.199167 -49.502972   70.205806 -49.497083   70.199972 -49.502972   70.198306 -49.512917
245962 281937 142179 139992      2    1.088214    4.080409   0.0775510946594     70.1575 -49.073778     70.1675  -49.06125   70.164972  -49.06125   70.136611 -49.029611
246221 315287 167998 141113      2    0.151538    2.173541   0.0555119845152   70.002444 -49.110417     70.0075 -49.106278   70.003306 -49.110417       69.99 -49.127917
246723 260435 176816 143812      2    0.205287     0.47361  0.04631487257994   69.460361 -48.913806   69.467028 -48.910389   69.468278 -48.906278   69.466583 -48.910389
247903 315290 165797 149924      2    0.203312    2.323674   0.0516331657219   69.664611 -48.970444   69.670417  -48.96625    69.66575 -48.970444   69.644972 -48.986278
249196 303551 167560 157561      2    0.154968    0.776144   0.0451526776083   69.857472 -49.721278   69.864139 -49.717917   69.860028 -49.717917   69.863361 -49.711278
249482 249483 165128 158931      2    0.133021    0.562913   0.0470086458431   37.727028 -46.821278   37.732889  -46.81875   37.728333  -46.82125   37.727472 -46.826278
249483 283658 249482    693      3    0.562913   20.835042  293.886623542843   37.583667 -46.982139   37.911222  -46.81875   37.805778 -46.838778   37.930833 -46.672139
250639 250640 177009 166327      2    0.252706    0.272236   0.0279569534252   68.832889 -48.942917   68.837889 -48.937972    68.83107 -48.936013   68.833306 -48.937972
250640 310147 169312 250639      3    0.272236    1.014109   0.0422936414507   68.829611 -48.942917   68.837889 -48.934583   68.830806 -48.934583   68.842444 -48.929611
251026 251027 176898 168979      2    0.255529    0.281108  0.02385923453075   69.587833 -48.727944   69.594583  -48.72625   69.589111 -48.723722   69.589139  -48.72625
251027 282732 176933 251026      3    0.281108    0.670209  0.03267609836476   69.587833 -48.727944   69.594583 -48.722139   69.587833 -48.726639   69.578778 -48.725833
251113 288683 177083 169626      2    0.183768    3.746139  0.02201601209326   69.500417 -48.627083   69.505417 -48.625417   69.500861 -48.627083   69.473278 -48.655417
253769 315281 233751 219244      4    1.045065    1.593823   0.4529960189148   69.694111  -49.18125   69.729167 -49.159583   69.694972  -49.18125   69.698306 -49.195417
259463 320187 160529 215268      4    0.612707    3.281932    0.500950254853   69.182917 -48.726278   69.194611 -48.704611   69.182944 -48.716694   69.143694 -48.730861
260431 260432 230690 190290      4    0.194373    0.304584  34.9302531735803   69.398722 -48.902111   69.505444 -48.822111   69.454556 -48.900861   69.450389 -48.900876
260432 260433 205055 260431      7    0.304584    0.361799  42.0801385826964   69.398722 -48.919583   69.505444 -48.822111    69.45125 -48.823361   69.447122  -48.82515
260433 260434 160084 260432      8    0.361799    0.405501  42.1053795418137   69.398722 -48.919583   69.505444 -48.822083   69.461667 -48.901278    69.46625 -48.903333
260434 260435 116240 260433      9    0.405501     0.47361  42.1648174145633   69.398722 -48.919583   69.505444 -48.822083   69.466583 -48.910389   69.468278 -48.906278
260435 260436 246723 260434     11     0.47361    0.562193  42.2111322871432   69.398722 -48.919583   69.505444 -48.822083    69.44575  -48.81875   69.444944 -48.823778
260436 284873 169036 260435     12    0.562193    1.070538   42.225973308543   69.398722 -48.919583   69.505444 -48.817083   69.476694 -48.887917   69.488278 -48.893806
261723 283658 233220 244635      5      0.5277   20.835042  47.2834321284143   37.866222 -46.673778   37.999556 -46.600417   37.930833 -46.672139   37.805778 -46.838778
262430 302650 176981 231684      3    1.512676    6.063747  0.12240300747485   69.642861 -48.776278    69.66875 -48.765444   69.594167 -48.727944   69.647472 -48.769639
263170 324114 157982 225247      3    4.410766    5.598785   0.2285392689311   68.760806 -49.829611   68.815833 -49.779611   68.761694 -49.779611   68.778306 -49.730417
266100 266101 242456 196998      4    0.886816    1.670145    5.158160110238    69.46375 -48.702944    69.51125 -48.655417   69.494944 -48.701278     69.4875 -48.715472
266101 288683 201817 266100      6    1.670145    3.746139   7.1487595485066    69.46375 -48.732083    69.51125 -48.655417   69.473278 -48.655417   69.500861 -48.627083
271630 296050 199618 188689      7   14.720765   32.419329  74.3000067999947   50.174583 -46.157972   50.478083 -45.948444   50.258333 -46.157111   50.380028 -46.436278
272266 272267  13178 198610      4    0.566684    0.732327   7.8416963572306   70.035806 -49.498778   70.114167 -49.464556   70.084111 -49.463389   70.090806 -49.468333
272267 272268  38977 272266      5    0.732327    0.763682   8.2168672835756   70.035806 -49.498778   70.114167 -49.459583   70.064194   -49.4575   70.072528 -49.461722
272268 272269 225299 272267      8    0.763682    0.884669   8.4351588642383   70.035806 -49.498778   70.114167  -49.45625   70.036694 -49.449583   70.043306 -49.456278
272269 303558 218588 272268     13    0.884669    0.919525  12.5767644441293   69.975833 -49.498778   70.114167 -49.437917   69.964194 -49.439167   69.975833   -49.4425
273469 336483 194057   1865      3   89.028601 1270.669687  72.9300711715384   77.501917 -38.738778   77.601306 -37.809556   77.515806 -38.736278   69.504972 -48.625417
274475 296825 134289 187139      5    1.175578   16.222664  152.879544500982    51.64625 -46.471278   51.880417 -46.337917   51.880417 -46.416694   52.092028 -46.418389
275033 297412 144943 185632      7    1.168515    9.678545  389.680565932491   73.239083 -53.197944   73.847556 -52.960417   73.566583 -53.015417   73.579972  -52.92875
278094 278095 245167 209582      4     0.97967    1.876424    1.191252832744   68.716167 -48.642944   68.756194 -48.622944   68.767472 -48.607944   68.755778 -48.622944
278095 296703 278094 194093      6    1.876424    2.612182   11.550998961333   68.716167 -48.642944   68.815417 -48.569583   68.716167 -48.631694   68.681194   -48.6275
278766 315286 238710 202700      4    1.011268    1.920627   2.1628110484904    69.59375 -48.946278   69.637889 -48.911278   69.609556 -48.930028    69.58375 -48.933333
280823 303559 237057 235339      4    0.554028    0.920403   0.2350084722459   69.632889 -48.999611   69.645417 -48.986278   69.633333 -48.992083   69.623722 -48.986722
281698 328637 243112  37271      3    1.319507   19.528193   0.4924249374754   68.844194 -50.017111     68.8775 -50.003778   68.846611 -50.003778   68.811583 -49.829611
281937 324115 245962 240437      5    4.080409    6.257481   0.2175599065592   70.134111 -49.073778     70.1675  -49.01875   70.158306 -49.073778     70.1075 -49.119167
282732 282733 176744 251027      4    0.670209    0.864111  0.04188317661816   69.577028 -48.727944   69.594583 -48.722139   69.589611 -48.722528   69.596611 -48.716278
282733 302649 169424 282732      5    0.864111    5.622743  0.05600688188486   69.577028 -48.727944   69.597056 -48.714611   69.577028 -48.725861   69.510389 -48.700889
283658 307599 261723 249483      8   20.835042  934.141861  341.170055671257   37.583667 -46.982139   37.999556 -46.600417   37.999556 -46.641667   50.174583 -46.108361
284873 310155 219210 260436     14    1.070538    1.238933  42.5572574206353   69.398722 -48.919583   69.505444 -48.817083   69.414139 -48.918778       69.41 -48.929583
288683 302649 251113 266101      8    3.746139    5.622743  7.17077556059986    69.46375 -48.732083    69.51125 -48.625417   69.510389 -48.700889   69.577028 -48.725861
296050 304940 196273 271630      9   32.419329    93.96271  80.3166534791337   50.174583 -46.468778   50.478083 -45.948444   50.424556 -46.460056   51.646278 -46.390028
296703 296704   5221 278095      7    2.612182    3.318542   22.856324722733   68.605361 -48.653806   68.815417 -48.569583   68.739556 -48.641694     68.7775 -48.657889
296704 304633 100119 296703      8    3.318542    5.109451  22.9339638706384   68.605361  -48.66125   68.815417 -48.569583     68.7775  -48.66125   68.782472 -48.707083
296825 304940 187404 274475     12   16.222664    93.96271  284.301621871836    51.64625 -46.487944   52.332056 -46.337917   51.646278 -46.390028   50.424556 -46.460056
297412 305824 213040 275033      9    9.678545   42.765973  390.305037593097   73.239083 -53.197944   73.847556 -52.912917   73.239083 -52.990028    72.60575 -53.042528
302649 302650 282733 288683     13    5.622743    6.063747  7.22678244248472    69.46375 -48.732083   69.597056 -48.625417   69.647472 -48.769639   69.594167 -48.727944
302650 326531 262430 302649     16    6.063747     9.65064  7.34918544995957    69.46375 -48.776278    69.66875 -48.625417   69.472444 -48.732083   69.445833 -48.817083
303551 303552 249196 303550    211    0.776144    0.781829  7225.80583851343     68.6475 -49.737917   70.564167 -48.655417   69.735833 -49.245028    69.72575   -49.2475
303552 303553  69904 303551    212    0.781829    0.802999   7225.9470909197     68.6475 -49.737917   70.564167 -48.655417   69.666639 -49.671278   69.673333 -49.677056
303553 303554 154000 303552    213    0.802999    0.822979  7225.97680000123     68.6475 -49.737917   70.564167 -48.655417   69.993361  -49.13875   69.988361 -49.132111
303554 303555  55304 303553    214    0.822979    0.847395  7226.18712222212     68.6475 -49.737917   70.564167 -48.655417   69.707472 -49.591694   69.719167 -49.592472
303555 303556 196248 303554    216    0.847395      0.8529  7232.01088586344     68.6475 -49.737917   70.564167 -48.655417   69.759167 -49.644139   69.749167 -49.640028
303556 303557 194543 303555    220      0.8529    0.883279   7241.1322866758     68.6475 -49.737917   70.564167 -48.655417   70.363333 -49.352917   70.355806 -49.359167
303557 303558 114620 303556    221    0.883279    0.919525  7241.19343735883     68.6475 -49.737917   70.564167 -48.655417   69.975833   -49.4425   69.964194 -49.439167
303558 303559 272269 303557    234    0.919525    0.920403  7253.77020180296     68.6475 -49.737917   70.564167 -48.655417   69.623722 -48.986722   69.633333 -48.992083
303559 310144 280823 303558    238    0.920403    0.956012   7254.0052102752     68.6475 -49.737917   70.564167 -48.655417   69.880806 -49.487528     69.8725 -49.494222
304633 304634 176938 296704      9    5.109451     6.07029  22.9427724071682   68.605361 -48.708806   68.815417 -48.569583   68.727417 -48.749583   68.782444 -48.708806
304634 325218  21784 304633     10     6.07029    9.048128  23.9225591364312   68.605361 -48.758778   68.815417 -48.569583   68.782889 -48.708333   68.904556 -48.721639
304940 307599 296050 296825     21    93.96271  934.141861  364.618275350969   50.174583 -46.487944   52.332056 -45.948444   50.174583 -46.108361   37.999556 -46.641667
305824 334518 203439 297412     12   42.765973  403.894668  391.927466235583   72.580806 -53.197944   73.847556 -52.912917   72.593306 -53.031306   69.503278 -49.948778
307599 335752 283658 304940     29  934.141861 1229.954075  705.788331022227   37.583667 -46.982139   52.332056 -45.948444   52.332056   -46.4475   68.132444 -49.971722
310144 310145  88045 303559    239    0.956012    0.963391   7254.1014657305     68.6475 -49.737917   70.564167 -48.655417   70.055861 -49.118333   70.046694 -49.112083
310145 310146  83119 310144    240    0.963391    0.975897  7254.20725308931     68.6475 -49.737917   70.564167 -48.655417    69.12875 -48.731667   69.142056 -48.731667
310146 310147 166038 310145    241    0.975897    1.014109  7254.22685447513     68.6475 -49.737917   70.564167 -48.655417   68.842444 -48.929611   68.830806 -48.934583
310147 310148 250640 310146    244    1.014109     1.01616  7254.26914811658     68.6475 -49.737917   70.564167 -48.655417   70.002444 -49.498333   70.014194 -49.493306
310148 310149  43517 310147    245     1.01616    1.077783  7254.57995783251     68.6475 -49.737917   70.564167 -48.655417   70.151694 -49.512083   70.156667 -49.502944
310149 310150  27772 310148    246    1.077783    1.112357  7255.23457126296     68.6475 -49.737917   70.564167 -48.655417   70.198306 -49.512917   70.199972 -49.502972
310150 310151 245812 310149    248    1.112357    1.132114  7255.31419077517     68.6475 -49.737917   70.564167 -48.655417   69.648306 -49.029583   69.651639 -49.019639
310151 310152 205247 310150    250    1.132114    1.162115  7256.53583949367     68.6475 -49.737917   70.564167 -48.655417   68.809583 -48.952528     68.7945 -48.949194
310152 310153 177150 310151    251    1.162115    1.214134   7256.5437611741     68.6475 -49.737917   70.564167 -48.655417   68.759139 -49.205861   68.742472 -49.206667
310153 310154 126532 310152    252    1.214134    1.229573  7256.59373258305     68.6475 -49.737917   70.564167 -48.655417   69.654111 -49.213306   69.669167 -49.218361
310154 310155 226145 310153    256    1.229573    1.238933  7259.30334723814     68.6475 -49.737917   70.564167 -48.655417       69.41 -48.929583   69.414139 -48.918778
310155 310156 284873 310154    270    1.238933     1.24272  7301.86060465877     68.6475 -49.737917   70.564167 -48.655417   69.294194 -49.622556   69.305833 -49.630806
310156 310157 116086 310155    271     1.24272     1.24778  7301.92018503843     68.6475 -49.737917   70.564167 -48.655417   70.035806 -49.503333   70.024139 -49.495056
310157 310158  17261 310156    272     1.24778    1.255418   7303.3807699867     68.6475 -49.737917   70.564167 -48.655417      68.875 -49.409611   68.869972 -49.420417
310158 310159 227211 310157    274    1.255418    1.258088  7303.63774187121     68.6475 -49.737917   70.564167 -48.655417   70.260806 -49.518361   70.251611  -49.50875
310159 310160  21017 310158    275    1.258088    1.301314   7304.6825983681     68.6475 -49.737917   70.564167 -48.655417   69.983306 -49.373778   69.976611 -49.384639
310160 315278 208707 310159    279    1.301314    1.475204  7306.69789841696     68.6475 -49.737917   70.564167 -48.655417   70.161611  -49.49375   70.147444 -49.484194
315278 315279 168221 310160    280    1.475204    1.526382  7306.71426824532     68.6475 -49.737917   70.564167 -48.655417   68.816194 -48.896694   68.797917 -48.903333
315279 315280 176893 315278    281    1.526382    1.544406  7306.72318553045     68.6475 -49.737917   70.564167 -48.655417   69.119583   -48.9375   69.140389 -48.935028
315280 315281 189414 315279    286    1.544406    1.593823  7354.99628760331     68.6475 -49.737917   70.564167 -48.655417   69.698306 -49.195417   69.694972  -49.18125
315281 315282 253769 315280    290    1.593823    1.650446  7355.44928362222     68.6475 -49.737917   70.564167 -48.655417      69.495 -49.179611   69.501639 -49.165417
315282 315283  73626 315281    291    1.650446    1.684002  7355.57867315777     68.6475 -49.737917   70.564167 -48.655417   69.056639 -49.702944   69.064917 -49.717111
315283 315284 140656 315282    292    1.684002    1.844143  7355.61763431151     68.6475 -49.737917   70.564167 -48.655417   68.767528 -49.608333   68.744111 -49.615028
315284 315285 141007 315283    293    1.844143    1.910085  7355.65642576407     68.6475 -49.737917   70.564167 -48.655417   69.669972 -49.219556   69.659972 -49.235444
315285 315286 138295 315284    294    1.910085    1.920627  7355.69718102408     68.6475 -49.737917   70.564167 -48.655417    69.58375 -48.933333   69.609556 -48.930028
315286 315287 278766 315285    298    1.920627    2.173541  7357.85999207257     68.6475 -49.737917   70.564167 -48.655417       69.99 -49.127917   70.003306 -49.110417
315287 315288 246221 315286    300    2.173541    2.204753  7357.91550405708     68.6475 -49.737917   70.564167 -48.655417   69.744972 -49.242917   69.763306 -49.227111
315288 315289 113763 315287    301    2.204753    2.256939   7357.9776088479     68.6475 -49.737917   70.564167 -48.655417   68.730833 -49.085833   68.700806 -49.090861
315289 315290 157564 315288    302    2.256939    2.323674  7358.00521449088     68.6475 -49.737917   70.564167 -48.655417   69.644972 -48.986278    69.66575 -48.970444
315290 315291 247903 315289    304    2.323674     2.41678   7358.0568476566     68.6475 -49.737917   70.564167 -48.655417   70.110356 -49.468085   70.130806 -49.450889
315291 315292 229446 315290    306     2.41678    2.474545  7358.23593614809     68.6475 -49.737917   70.564167 -48.655417   70.342444 -49.565028   70.370806 -49.577556
315292 317405 142024 315291    307    2.474545    2.500716  7358.27424059476     68.6475 -49.737917   70.564167 -48.655417   68.757528 -49.660056   68.737472 -49.641694
317405 317406 168180 315292    308    2.500716    2.682467  7358.29069168039     68.6475 -49.737917   70.564167 -48.655417   70.440028 -49.442917   70.453306 -49.465444
317406 317407 139511 317405    309    2.682467    2.732526   7358.3303440554     68.6475 -49.737917   70.564167 -48.655417        69.5 -48.853778   69.514917  -48.83125
317407 317408 151563 317406    310    2.732526     2.75335  7358.36104379303     68.6475 -49.737917   70.564167 -48.655417   69.670417 -48.968361   69.707944 -48.970861
317408 317409 177167 317407    311     2.75335    2.765081   7358.3688305627     68.6475 -49.737917   70.564167 -48.655417   69.545806  -48.84625   69.516639 -48.830444
317409 320186 215462 317408    313    2.765081    3.067059  7358.78095370139     68.6475 -49.737917   70.564167 -48.655417   70.194972 -49.354611   70.191694 -49.382111
320186 320187 138946 317409    314    3.067059    3.281932   7358.8210236603     68.6475 -49.737917   70.564167 -48.655417   69.143694 -48.730861   69.182944 -48.716694
320187 320188 259463 320186    318    3.281932    4.049629  7359.32197391515     68.6475 -49.737917   70.564167 -48.655417   69.728306 -49.159583   69.760778     -49.13
320188 321343 126299 320187    319    4.049629    4.260311  7359.37219504753     68.6475 -49.737917   70.564167 -48.655417   70.454944 -49.467139   70.492472 -49.496694
321343 324114 243024 320188    321    4.260311    5.598785  7359.45043550347     68.6475 -49.737917   70.564167 -48.655417   68.778306 -49.730417   68.761694 -49.779611
324114 324115 263170 321343    324    5.598785    6.257481   7359.6789747724     68.6475 -49.829611   70.564167 -48.655417     70.1075 -49.119167   70.158306 -49.073778
324115 325217 281937 324114    329    6.257481    8.311441  7359.89653467896     68.6475 -49.829611   70.564167 -48.655417   69.626694  -48.91375     69.7175 -48.868778
325217 325218 176973 324115    330    8.311441    9.048128  7359.90525519322     68.6475 -49.829611   70.564167 -48.655417   68.904556 -48.721639   68.782889 -48.708333
325218 326531 304634 325217    340    9.048128     9.65064  7383.82781432965   68.605361 -49.829611   70.564167 -48.569583   69.445833 -48.817083   69.472444 -48.732083
326531 328479 302650 325218    356     9.65064   13.004482  7391.17699977961   68.605361 -49.829611   70.564167 -48.569583   68.792444 -48.569611   68.804167 -48.452917
328479 328637 104261 326531    357   13.004482   19.528193  7391.24940580999   68.605361 -49.829611   70.564167 -48.450389   68.811583 -49.829611   68.846611 -50.003778
328637 330716 281698 328479    360   19.528193   23.416331  7391.74183074746   68.605361 -50.017111   70.564167 -48.450389   68.650833 -49.357528   68.427472     -49.51
330716 330899 240836 328637    362   23.416331   31.790524   7391.8181685243   68.425806 -50.017111   70.564167 -48.450389   69.639944 -49.673778   69.501639 -49.945389
330899 333993  88736 330716    363   31.790524   49.521646  7391.91320111593   68.425806 -50.017111   70.564167 -48.450389   68.760889 -49.781722   68.135806 -49.971667
333993 334518 104258 330899    364   49.521646  403.894668  7391.98560902576   68.132444 -50.017111   70.564167 -48.450389   69.503278 -49.948778   72.593306 -53.031306
334518 335752 305824 333993    376  403.894668 1229.954075  7783.91307526134   68.132444 -53.197944   73.847556 -48.450389   68.132444 -49.971722   52.332056   -46.4475
335752 336483 307599 334518    405 1229.954075 1270.669687  8489.70140628357   37.583667 -53.197944   73.847556 -45.948444   69.504972 -48.625417   77.515806 -38.736278
336483 363879 273469 335752    408 1270.669687  1604.16109   8562.6314774551   37.583667 -53.197944   77.601306 -37.809556   73.573361 -53.197944   85.469177 -66.431574
