  1292 295007      -      -      1           0   30.353263     113.698261197  -12.355444 -37.198778  -12.217083 -37.075444  -12.320028 -37.189556  -12.483417 -37.429611
  1798 188772      -      -      1           0    0.068371     66.9314480307  -10.012944 -40.371333    -9.87125 -40.275444   -9.997111 -40.281722   -9.997917 -40.281722
  2101 189289      -      -      1           0    0.214364     50.6650701906    3.334111  -54.46625    3.487417 -54.399611    3.372472 -54.463333    3.370806    -54.465
  3935 192103      -      -      1           0    0.239248     18.1858286297  -12.704639 -37.344583  -12.637083  -37.29625  -12.684222 -37.342083  -12.685889 -37.343778
 10380 198659      -      -      1           0    0.100597      3.4506799587  -12.490472 -37.465472  -12.462972 -37.443722  -12.472528 -37.443722  -12.471848 -37.442996
 54528 198659      -      -      1           0    0.100597    0.215347015876  -12.477944    -37.443  -12.470389  -37.43875  -12.471848 -37.442996  -12.472528 -37.443722
 55924 198660      -      -      1           0    0.713011    0.206300234658  -12.487111 -37.433778  -12.480444 -37.429583  -12.475861 -37.438778  -12.480917 -37.433778
 95211 189289      -      -      1           0    0.214364   0.0838889815198    3.364167 -54.467083    3.370806 -54.464611    3.370806    -54.465    3.372472 -54.463333
120259 188774      -      -      1           0    0.075393   0.0558819809545   -9.932111 -40.357944   -9.928806 -40.355444   -9.928806 -40.355833   -9.927917 -40.355861
120703 276424      -      -      1           0    0.672534   0.0555451146124   -9.895444 -40.300444   -9.892111 -40.297889   -9.895444 -40.299194   -9.901694 -40.302917
125948 188775      -      -      1           0    0.075421    0.050588244775   -9.957139 -40.276278   -9.954583  -40.27375   -9.955056 -40.276278   -9.954167 -40.276278
129814 188776      -      -      1           0    0.165248   0.0474818749174  -10.010389 -40.302917  -10.007111 -40.300444  -10.007944 -40.302528  -10.006306 -40.303333
134051 192103      -      -      1           0    0.239248   0.0449201162783  -12.687944  -37.34625  -12.685389  -37.34375  -12.685889 -37.343778  -12.684222 -37.342083
135707 276423      -      -      1           0    0.351962   0.0433125821153   -9.915472 -40.371333   -9.912917 -40.368778   -9.913361 -40.368778   -9.915861  -40.36625
136692 188772      -      -      1           0    0.068371   0.0423580384225  -10.000472 -40.282944   -9.997917 -40.280444   -9.997917 -40.281722   -9.997111 -40.281722
162923 188777      -      -      1           0    0.165636   0.0219497581994    -9.95375 -40.273778   -9.952083 -40.272139   -9.955315  -40.27428    -9.95375 -40.273389
168626 188773      -      -      1           0    0.071368   0.0156856463092   -9.872111 -40.343778   -9.869639 -40.342972   -9.872111 -40.343361   -9.872953 -40.343367
188772 188773 136692   1798      2    0.068371    0.071368  66.9738060691225  -10.012944 -40.371333    -9.87125 -40.275444   -9.872953 -40.343367   -9.872111 -40.343361
188773 188774 168626 188772      3    0.071368    0.075393  66.9894917154317  -10.012944 -40.371333   -9.869639 -40.275444   -9.927917 -40.355861   -9.928806 -40.355833
188774 188775 120259 188773      4    0.075393    0.075421  67.0453736963862  -10.012944 -40.371333   -9.869639 -40.275444   -9.954167 -40.276278   -9.955056 -40.276278
188775 188776 125948 188774      5    0.075421    0.165248  67.0959619411612  -10.012944 -40.371333   -9.869639  -40.27375  -10.006306 -40.303333  -10.007944 -40.302528
188776 188777 129814 188775      6    0.165248    0.165636  67.1434438160786  -10.012944 -40.371333   -9.869639  -40.27375    -9.95375 -40.273389   -9.955315  -40.27428
188777 276423 162923 188776      7    0.165636    0.351962   67.165393574278  -10.012944 -40.371333   -9.869639 -40.272139   -9.915861  -40.36625   -9.913361 -40.368778
189289 363880  95211   2101      2    0.214364 1727.964148  50.7489591721198    3.334111 -54.467083    3.487417 -54.399611    3.364944 -54.467083    1.338193 -70.028569
192103 272290 134051   3935      2    0.239248   18.074512  18.2307487459783  -12.704639  -37.34625  -12.637083  -37.29625  -12.638361 -37.321278  -12.485833 -37.429583
198659 198660  54528  10380      2    0.100597    0.713011    3.666026974576  -12.490472 -37.465472  -12.462972  -37.43875  -12.480917 -37.433778  -12.475861 -37.438778
198660 272290  55924 198659      3    0.713011   18.074512    3.872327209234  -12.490472 -37.465472  -12.462972 -37.429583  -12.485833 -37.429583  -12.638361 -37.321278
272290 295007 198660 192103      5   18.074512   30.353263  22.1030759552123  -12.704639 -37.465472  -12.462972  -37.29625  -12.483417 -37.429611  -12.320028 -37.189556
276423 276424 135707 188777      8    0.351962    0.672534  67.2087061563933  -10.012944 -40.371333   -9.869639 -40.272139   -9.901694 -40.302917   -9.895444 -40.299194
276424 304659 120703 276423      9    0.672534  379.223066  67.2642512710057  -10.012944 -40.371333   -9.869639 -40.272139   -9.999167 -40.280444  -12.472528 -37.464611
295007 304659 272290   1292      6   30.353263  379.223066  135.801337152212  -12.704639 -37.465472  -12.217083 -37.075444  -12.472528 -37.464611   -9.999167 -40.280444
304659 363881 276424 295007     15  379.223066 1838.327834  203.065588423218  -12.704639 -40.371333   -9.869639 -37.075444     -9.8875 -40.371278    3.341639  -54.40875
363879 363880 336483 363878 181938  1604.16109 1727.964148   147439347.15911        -180        -90         180  83.633389    1.338193 -70.028569    3.364944 -54.467083
363880 363881 189289 363879 181940 1727.964148 1838.327834  147439397.908069        -180        -90         180  83.633389    3.341639  -54.40875     -9.8875 -40.371278
363881      - 304659 363880 181955 1838.327834           0  147439600.973658        -180        -90         180  83.633389           0          0           0          0
