    77 183074      -      -      1           0    0.042711     10499.4473164 -156.064611  18.912361  -154.80575  20.272806 -155.255667  19.270111 -155.255806   19.26975
   199 184053      -      -      1           0    0.065446     1913.76291103 -156.701167  20.577444 -155.979667  21.033639 -156.522056  20.961333 -156.521583  20.961722
   224 184205      -      -      1           0    0.041156     1572.24711592 -158.282722  21.255694 -157.649083  21.714722 -157.890152  21.316554 -157.890417  21.316278
   239 275541      -      -      1           0   27.332495     1453.39242993 -159.790472  21.868917  -159.29375   22.23875 -159.790472  22.028278 -160.050806  21.981778
   369 184879      -      -      1           0     0.04586     696.436431722 -157.314167  21.046833     -156.71  21.226583 -157.213167  21.223167 -157.213483  21.223455
   590 185683      -      -      1           0    0.020376     374.397819166 -157.064444  20.735056 -156.806444  20.934417 -156.880472  20.745833 -156.880389  20.745667
   894 186621      -      -      1           0     0.06539     195.542072174 -160.249194  21.778222 -160.050806  22.005056 -160.227417  21.889167   -160.2275   21.88975
   995 186949      -      -      1           0    1.046912     169.371676761 -109.455472 -27.197944  -109.23125  -27.05375 -109.448389 -27.192944 -109.456722  -27.19875
  1192 187438      -      -      1           0    0.533429     128.522351531    -5.79125 -16.027111   -5.634583 -15.902889   -5.754194 -16.022944   -5.756667 -16.027111
  1226 187528      -      -      1           0    0.037028     122.738579033 -156.703417  20.505028 -156.533333  20.610083  -156.61025   20.51825  -156.61025  20.517917
  1396 187899      -      -      1           0    0.185362     100.749810927  -14.424611  -7.996222  -14.297111  -7.890417  -14.310028   -7.94125  -14.310028  -7.939583
  1989 189088      -      -      1           0    0.041012     55.9353950996  -64.888472  32.244833  -64.674833  32.356639  -64.783778  32.286556  -64.784167  32.286389
  5325 193851      -      -      1           0     0.13901     10.8570980932  -29.343806 -20.525472  -29.297139  -20.48375    -29.3225 -20.522972  -29.323778 -20.523333
  6062 363872      -      -      1           0   950.91362     8.75687339464 -109.236806  10.281056 -109.201778  10.313083 -109.229111  10.312944 -110.955806  18.708222
  6511 195083      -      -      1           0    0.259044     7.76255606472   96.817056 -12.207972   96.862917 -12.135417   96.854972 -12.197944   96.853306 -12.196278
  6705 195286      -      -      1           0    0.087733     7.36185532341  -64.709333  32.344056  -64.647528  32.374111  -64.663639  32.364722  -64.662778  32.365028
  8351 224464      -      -      1           0    0.081627     5.02309348035 -177.396306  28.190389 -177.360444  28.214583 -177.359611     28.205 -177.360444     28.205
  8564 197038      -      -      1           0    0.087602     4.82728086308   96.884583 -12.210472   96.930417 -12.160444   96.919556     -12.19    96.91875     -12.19
  8905 363899      -      -      1           0  114.058292     4.49115944184 -171.747139  25.756222   -171.7255  25.782944  -171.73044   25.75788   -170.6278    25.5051
  9183 197639      -      -      1           0    0.085384     4.25419057557  -64.718306  32.359833  -64.664056  32.390778  -64.716583  32.359889  -64.716778  32.359139
 11385 199480      -      -      1           0    0.740884     2.95595779245 -169.551417  16.720333   -169.5205  16.737833  -169.52175  16.737833 -169.518389  16.743667
 12248 184205      -      -      1           0    0.041156     2.61212943244 -157.891167  21.300667 -157.869889  21.317222 -157.890417  21.316278 -157.890152  21.316554
 12567 295902      -      -      1           0    0.203841     2.49552928465 -157.970111  21.356444 -157.950083  21.374278 -157.964361  21.356611 -157.964333  21.354778
 13886 186622      -      -      1           0    0.906395     2.10480602083 -160.105167   22.01225 -160.087444  22.028083 -160.096694  22.012444  -160.09325  22.004944
 15212 197344      -      -      1           0  223.837703     1.80320933578 -173.974611  26.057083  -173.96125  26.075389 -173.961278  26.060833  -171.74625  25.771639
 15328 363873      -      -      1           0 1014.995346     1.77849809843  153.969583  24.281194  153.987083  24.298722  153.969583     24.285   145.23374  20.030319
 15517 189093      -      -      1           0    0.089669     1.74261269871  -64.860194  32.303167  -64.830778  32.330917  -64.860194  32.304417  -64.861139  32.304528
 15800 308489      -      -      1           0   36.511069     1.69203249774   96.596889 -11.832444   96.613833 -11.812917   96.608472 -11.831556   96.834167 -12.074583
 16402 224465      -      -      1           0    0.263068     1.58348340888 -177.344611  28.200417 -177.322972  28.213722 -177.344611  28.202444 -177.347111  28.203306
 16689 203375      -      -      1           0    7.435276      1.5405645162    -105.475 -26.464722 -105.456389   -26.4525    -105.475 -26.457778 -105.549583 -26.454222
 18461 262904      -      -      1           0   90.608223     1.31016227191 -178.314611  28.384583 -178.292944  28.400389 -178.292944     28.395 -177.396306  28.193306
 21588 266128      -      -      1           0    0.262303    0.996083716743   96.887889 -12.123778   96.905444 -12.107083   96.907472 -12.124611   96.905444 -12.123333
 21953 302651      -      -      1           0    3.511542     0.96702204743   96.832861 -12.081278   96.847889  -12.07375   96.847889 -12.079167   96.877889 -12.090861
 22127 320992      -      -      1           0  209.532974    0.955320317262 -161.929667  23.052056 -161.913806  23.062083 -161.915028  23.055417  -160.54275  21.662333
 22449 297545      -      -      1           0   34.245154    0.932980493701 -160.546722  21.649944 -160.538278  21.662556 -160.538444  21.660694    -160.245  21.804028
 30013 318007      -      -      1           0  149.125427    0.576375907746 -164.709278  23.572333  -164.69425  23.579167 -164.709278  23.576444 -166.164417  23.724833
 37342 214991      -      -      1           0    0.204713    0.403035416588  -28.850472 -20.478778  -28.842972 -20.471278  -28.849194 -20.471278  -28.850028 -20.469611
 37588 215120      -      -      1           0    0.310141    0.398595472593 -157.661944  21.327306  -157.65525  21.334028 -157.657722  21.327306 -157.657222  21.324556
 39928 260305      -      -      1           0    2.722587    0.359130355918 -166.292944   23.86325 -166.281667  23.869167 -166.255167  23.871639 -166.281667  23.868139
 40633 216528      -      -      1           0    0.185362    0.348644132065   96.909556 -12.144611   96.918806  -12.13375   96.909972  -12.13375   96.909972 -12.132083
 44061 288671      -      -      1           0    1.294265    0.304690809336   96.877889 -12.095472   96.887889 -12.089611   96.887472 -12.095472   96.888306 -12.107083
 45412 218745      -      -      1           0     0.09788     0.29037358134  -64.833556  32.282389   -64.82675  32.289194  -64.826972  32.285833  -64.826333  32.286528
 46141 269628      -      -      1           0    1.240894    0.282872578655 -156.708389  21.130889 -156.701639  21.136917 -156.708389  21.132639 -156.720278  21.133889
 46270 184053      -      -      1           0    0.065446    0.281478721026 -156.521611  20.957556 -156.515722  20.964389 -156.521583  20.961722 -156.522056  20.961333
 47652 227965      -      -      1           0    0.081746    0.268069829077  -64.807111  32.278222       -64.8  32.284306  -64.807833  32.282167  -64.807028  32.281889
 48430 266125      -      -      1           0    0.206296    0.261210511893   96.913722 -12.152944   96.921222  -12.14625   96.919972 -12.152944   96.919139 -12.154611
 50219 295900      -      -      1           0    0.155257    0.245632499505 -157.899361  21.314306 -157.894889  21.321611 -157.896583  21.320917 -157.895806  21.322111
 51816 186621      -      -      1           0     0.06539    0.233946448798 -160.232472  21.888472 -160.227222  21.894222   -160.2275   21.88975 -160.227417  21.889167
 52684 216528      -      -      1           0    0.185362    0.227471337717   96.906222 -12.132083   96.911222 -12.124611   96.909972 -12.132083   96.909972  -12.13375
 53318 280755      -      -      1           0    1.887925    0.223355999632 -175.816306  27.777889 -175.807083  27.782111 -175.816306  27.781639 -175.835472    27.7825
 53691 222152      -      -      1           0    0.121308    0.220713929584  -64.825028    32.2715  -64.816722  32.276667  -64.823445  32.274223  -64.824278  32.275056
 54922 305341      -      -      1           0    0.272847    0.212818046656 -157.926722  21.662167 -157.920917  21.666639 -157.926611  21.664028 -157.928917  21.662833
 56048 203375      -      -      1           0    7.435276    0.205385353516 -105.557083 -26.455472 -105.549556 -26.450417 -105.549583 -26.454222    -105.475 -26.457778
 57005 218745      -      -      1           0     0.09788    0.199533599038  -64.826333  32.284889  -64.815861  32.287472  -64.826333  32.286528  -64.826972  32.285833
 57706 184881      -      -      1           0    0.261359    0.195390345363 -156.929556  21.180028 -156.925194  21.185972 -156.928194  21.180028 -156.929694  21.178139
 58802 195287      -      -      1           0    0.097092    0.189573130647  -64.667667  32.343278  -64.661639  32.348278  -64.662028   32.34675  -64.661361  32.347417
 59559 224312      -      -      1           0    0.089025    0.185289214821  -64.665083  32.372278  -64.657528  32.376667  -64.661889  32.376028  -64.662778  32.376306
 59910 224456      -      -      1           0     0.71322    0.183386906792 -166.214944  23.781056 -166.208333  23.785889   -166.2105  23.784639  -166.20525  23.788889
 59926 224463      -      -      1           0    0.076239    0.183313181882 -177.355444  28.202056 -177.347111  28.205361 -177.355444  28.203278 -177.356222  28.203278
 60112 305346      -      -      1           0    0.446867     0.18242121641 -157.790944  21.433333 -157.787389  21.439139 -157.790028  21.433972 -157.792833  21.430917
 60199 224558      -      -      1           0      0.0785     0.18203290758  -157.70275  21.391778 -157.698417  21.395917 -157.698861     21.392 -157.698722  21.391306
 60349 224624      -      -      1           0    0.063391    0.181286060882 -156.329028  20.951611 -156.324056  20.956056 -156.325417  20.952278 -156.324833  20.952444
 61858 187528      -      -      1           0    0.037028    0.173690739968 -156.615056  20.514111 -156.610111    20.5185  -156.61025  20.517917  -156.61025   20.51825
 62971 199480      -      -      1           0    0.740884    0.168303747566 -169.518861  16.742833 -169.509639  16.746194 -169.518389  16.743667  -169.52175  16.737833
 63189 308148      -      -      1           0    1.061057    0.167384190744 -157.810889     21.464 -157.804917  21.467444 -157.809333  21.464056 -157.816639  21.457361
 63512 184054      -      -      1           0    0.068115    0.166107354534 -156.524889  20.965083 -156.519778  20.969417 -156.524389  20.966917    -156.525  20.966694
 65225 271815      -      -      1           0    0.114208    0.158663682069  -64.823778  32.279028  -64.819139  32.283389  -64.824083  32.283194  -64.823525  32.282282
 65274 226481      -      -      1           0    0.031844    0.158501572875 -157.724417  21.469667 -157.719333  21.473333 -157.721111  21.473333 -157.720861    21.4735
 65904 298958      -      -      1           0   16.164936    0.156143414011 -175.736306  27.912056 -175.730444  27.917889 -175.735889  27.912083   -175.8075  27.781222
 66542 199481      -      -      1           0    1.670533    0.153328629279   -169.5205  16.760333 -169.516306  16.763722  -169.51175  16.746139 -169.516806  16.760361
 66685 218746      -      -      1           0    0.097911    0.152834237341    -64.8285  32.278944  -64.824083  32.284139     -64.826  32.284139   -64.82675   32.28475
 67695 224558      -      -      1           0      0.0785    0.149165575567 -157.701528  21.387528 -157.696667  21.391361 -157.698722  21.391306 -157.698861     21.392
 68598 308149      -      -      1           0    1.290288    0.146073439422 -157.801611   21.47725 -157.796833  21.480917 -157.806444  21.467194 -157.800222   21.47725
 69377 227964      -      -      1           0    0.059284    0.143031701944  -64.816778  32.280639  -64.810861     32.285  -64.811286  32.281983  -64.810778  32.281667
 69646 183074      -      -      1           0    0.042711    0.142057699864 -155.257194  19.266611 -155.252139  19.269833 -155.255806   19.26975 -155.255667  19.270111
 71221 269110      -      -      1           0    0.324019    0.136909022232 -154.979361    19.6615  -154.97575  19.665972 -154.979361    19.6625 -154.982444   19.66275
 72645 283037      -      -      1           0    3.262969    0.132257679484 -175.903833  27.762889 -175.896278  27.765417 -175.902972  27.763333 -175.932944  27.750778
 73757 305339      -      -      1           0    0.250132    0.128991700234 -158.015917  21.365056 -158.011528    21.3685 -158.015917  21.367306  -158.01825  21.367889
 74462 271669      -      -      1           0    2.210178    0.126725915665 -169.491306  16.753667 -169.487139  16.757861 -169.491306  16.754944 -169.509694  16.745722
 74530 184056      -      -      1           0    0.074109    0.126522743147 -156.529944  20.990083 -156.526417  20.994389    -156.529  20.990083 -156.529472  20.989583
 74744 222152      -      -      1           0    0.121308    0.125873984137  -64.829333  32.273167  -64.824278  32.276639  -64.824278  32.275056  -64.823445  32.274223
 75069 229844      -      -      1           0    0.034484    0.124947466942 -166.221972  23.854028 -166.218389  23.859472 -166.221056  23.859472 -166.221364  23.859602
 77421 184058      -      -      1           0     0.07682     0.11878906545 -156.134222  20.863444 -156.130778  20.867667   -156.1335  20.863528 -156.134111  20.863139
 77757 186949      -      -      1           0    1.046912    0.117892315363 -109.460444 -27.202944 -109.456278  -27.19875 -109.456722  -27.19875 -109.448389 -27.192944
 78013 215120      -      -      1           0    0.310141    0.117198285164 -157.660056  21.320889   -157.6565  21.324556 -157.657222  21.324556 -157.657722  21.327306
 78031 230831      -      -      1           0    0.080358    0.117142657975 -166.250972  23.867306  -166.24575  23.869861 -166.245944  23.868083 -166.245278  23.867694
 78465 187438      -      -      1           0    0.533429    0.116174501169   -5.759583 -16.030444   -5.755444 -16.027111   -5.756667 -16.027111   -5.754194 -16.022944
 81495 231872      -      -      1           0    0.046587    0.109160450616 -155.075139  19.732389 -155.070861  19.735833 -155.072639  19.732556 -155.072306  19.732278
 81902 308150      -      -      1           0    1.469052    0.108129806056 -157.722583  21.432389 -157.718389     21.436 -157.722583     21.434 -157.736776  21.434036
 82074 259566      -      -      1           0    1.684178    0.107737591205  -28.845417 -20.497111  -28.841278  -20.49375  -28.844222  -20.49375  -28.846667 -20.478778
 82614 187899      -      -      1           0    0.185362    0.106698965454  -14.312111  -7.939583   -14.30875   -7.93625  -14.310028  -7.939583  -14.310028   -7.94125
 83019 245775      -      -      1           0    0.181892    0.105977570712 -166.168417  23.723278 -166.164417  23.727583 -166.167639  23.729111 -166.167458  23.727484
 83502 270186      -      -      1           0    0.066687      0.1051240897 -157.916694  21.650806 -157.912556  21.654194 -157.915417  21.651056 -157.915111  21.650528
 84069 305342      -      -      1           0    0.324327    0.104063000957 -157.831917   21.50975 -157.828361  21.513083 -157.831917  21.510972 -157.835028  21.510611
 84281 197639      -      -      1           0    0.085384    0.103612513105  -64.718417  32.355667  -64.714056  32.359167  -64.716778  32.359139  -64.716583  32.359889
 85811 184206      -      -      1           0    0.047657    0.100066819322  -158.01275  21.702694 -158.008583  21.705972 -158.010333  21.702694 -158.010444  21.702278
 88120 305348      -      -      1           0    0.597257   0.0961325765976 -157.927528  21.673139  -157.92325  21.675722 -157.927528  21.675111 -157.933306  21.674972
 88298 233836      -      -      1           0    0.060703   0.0958569484761 -157.894944  21.308306   -157.8915   21.31175  -157.89475  21.310694 -157.895333  21.310639
 88871 197041      -      -      1           0    0.185385   0.0947609489212   96.915417 -12.157111   96.919556 -12.154611   96.919167 -12.157917   96.919194  -12.15625
 91056 320213      -      -      1           0  211.748328   0.0906703479834 -167.998833  24.997861 -167.995444   25.00125 -167.995444  24.999167 -166.327611  23.849917
 91182 296086      -      -      1           0    0.471289    0.090486806908   -64.83775  32.270583  -64.834139   32.27425  -64.829194  32.274056  -64.834139  32.273361
 92303 189090      -      -      1           0    0.077162   0.0890211888919  -64.838333  32.256444  -64.833528  32.259306  -64.834472  32.256444  -64.834861  32.255833
 93058 195083      -      -      1           0    0.259044   0.0879428505508   96.845389 -12.196278   96.853778 -12.194583   96.853306 -12.196278   96.854972 -12.197944
 93524 314290      -      -      1           0    9.045184   0.0871461852866 -166.175361     23.639 -166.171667  23.642306 -166.174417  23.642306 -166.165917  23.723278
 93784 305344      -      -      1           0    0.388905   0.0866688920213 -157.778556  21.462444 -157.774194  21.464861 -157.775833  21.462444 -157.774694  21.459111
 94047 284908      -      -      1           0    3.586612   0.0861474987547  -166.32775  23.848028 -166.324167   23.85075 -166.324167  23.849889 -166.292944  23.864889
 94356 235417      -      -      1           0    0.410994   0.0855347379118 -175.942083  27.755417 -175.937139  27.757889 -175.937556   27.75625 -175.935889  27.752861
 94437 305345      -      -      1           0    0.414781   0.0853900890126 -157.906028  21.309833 -157.902472  21.312528 -157.902472  21.311667 -157.898472    21.3115
 94493 305338      -      -      1           0    0.233892   0.0852778320936 -157.723444  21.400083 -157.720111  21.403306 -157.721778  21.400083 -157.723194  21.398444
 94822 284423      -      -      1           0     0.34366   0.0846680874535 -155.979667  20.730167 -155.976278  20.732667 -155.979667  20.730556 -155.982971  20.730506
 95142 185683      -      -      1           0    0.020376   0.0840289732259 -156.880944    20.7425 -156.878194  20.745806 -156.880389  20.745667 -156.880472  20.745833
 95320 244707      -      -      1           0    0.048399   0.0836857648822 -157.872111  21.559778 -157.869222  21.563056 -157.869222  21.560806 -157.868861  21.561083
 95501 300016      -      -      1           0    4.847668   0.0833906426517 -166.266167  23.764139 -166.261833   23.76725 -166.263417   23.76725 -166.233222  23.800972
 97586 305343      -      -      1           0    0.358517   0.0810224312432 -157.918528  21.659667 -157.914972  21.662417 -157.921361  21.663194 -157.918528  21.661333
 97822 184055      -      -      1           0    0.073139   0.0807535139416 -156.344833   20.94275 -156.341556  20.946194    -156.344  20.942778 -156.344167  20.942139
 99740 295897      -      -      1           0    0.082347   0.0782216331963 -158.109444  21.606167 -158.105944  21.609222 -158.108639  21.606194 -158.108917    21.6055
100779 237074      -      -      1           0     0.08692    0.076539193121 -155.704667  20.194194 -155.702111  20.197528 -155.702139  20.195457 -155.701306  20.195444
102317 270185      -      -      1           0    0.064368    0.074388711709 -158.124472  21.587611 -158.121806  21.590778 -158.121889  21.589611 -158.121278  21.589722
102550 233836      -      -      1           0    0.060703   0.0741366702447 -157.898472  21.309944 -157.895194  21.312417 -157.895333  21.310639  -157.89475  21.310694
102674 237550      -      -      1           0    0.059226    0.073986404557  -64.673389  32.335694  -64.670139  32.339083     -64.672  32.338889  -64.672083  32.339417
104653 229844      -      -      1           0    0.034484   0.0720287275328 -166.224528  23.858694 -166.221167  23.861639 -166.221364  23.859602 -166.221056  23.859472
104721 237550      -      -      1           0    0.059226   0.0719652209422  -64.675333  32.339111  -64.671639  32.341806  -64.672083  32.339417     -64.672  32.338889
104863 295898      -      -      1           0    0.084185   0.0718319246687 -157.957583  21.314694  -157.95425    21.3175  -157.95575    21.3175 -157.955861   21.31825
106060 187439      -      -      1           0    0.535179   0.0705229683836   -5.634639 -15.982917   -5.632111  -15.97875   -5.634139  -15.97875   -5.636694 -15.974611
107125 184057      -      -      1           0      0.0747   0.0691201529628 -156.265861   20.94375 -156.263083  20.946833 -156.264472   20.94375 -156.264694  20.943111
108494 230831      -      -      1           0    0.080358   0.0672467640844 -166.245278  23.866389 -166.241889  23.869083 -166.245278  23.867694 -166.245944  23.868083
108537 231872      -      -      1           0    0.046587   0.0671863524784 -155.073111  19.729889 -155.069833  19.732472 -155.072306  19.732278 -155.072639  19.732556
109219 189088      -      -      1           0    0.041012   0.0663143210871  -64.787556  32.285667  -64.784139  32.288361  -64.784167  32.286389  -64.783778  32.286556
109317 189092      -      -      1           0    0.087746   0.0661946164129  -64.811861  32.290611  -64.809528  32.294194  -64.809695  32.293481  -64.808806  32.293722
110365 224463      -      -      1           0    0.076239   0.0651142153419 -177.359611  28.202889 -177.356222  28.205417 -177.356222  28.203278 -177.355444  28.203278
110949 305340      -      -      1           0    0.271891   0.0646230603191 -157.939278  21.310722 -157.936194   21.31325 -157.938528   21.31325  -157.93832  21.315687
112872 224312      -      -      1           0    0.089025    0.063046549738  -64.665889  32.375722  -64.662306  32.378361  -64.662778  32.376306  -64.661889  32.376028
113287 271816      -      -      1           0    0.117298   0.0626308430213  -64.812556  32.284861  -64.809111    32.2875  -64.812583  32.284222  -64.811778  32.285028
113659 237074      -      -      1           0     0.08692   0.0622318391307 -155.701333     20.195  -155.69875  20.197556 -155.701306  20.195444 -155.702139  20.195457
114125 240376      -      -      1           0    0.228752   0.0617277307934 -166.233278  23.822222     -166.23  23.824806     -166.23  23.823083 -166.227972  23.822194
114734 240376      -      -      1           0    0.228752   0.0610151263999 -166.228583  23.819778 -166.225806  23.822472 -166.227972  23.822194     -166.23  23.823083
114968 193851      -      -      1           0     0.13901   0.0607454648795  -29.325472 -20.526278   -29.32375 -20.522917  -29.323778 -20.523333    -29.3225 -20.522972
115195 224456      -      -      1           0     0.71322   0.0604825967863 -166.205333  23.788028   -166.2025  23.790833  -166.20525  23.788889   -166.2105  23.784639
115332 227964      -      -      1           0    0.059284   0.0603561460688  -64.810778  32.280528  -64.807806  32.283333  -64.810778  32.281667  -64.811286  32.281983
115537 226481      -      -      1           0    0.031844   0.0601361408806 -157.721639  21.472694  -157.71825  21.475278 -157.720861    21.4735 -157.721111  21.473333
118920 184879      -      -      1           0     0.04586   0.0568532377046 -157.215083  21.223444 -157.211583  21.225639 -157.213483  21.223455 -157.213167  21.223167
120093 235417      -      -      1           0    0.410994   0.0559921486614 -175.936306  27.750389 -175.932944  27.752861 -175.935889  27.752861 -175.937556   27.75625
120700 241942      -      -      1           0    0.056172   0.0555467544244 -157.866583  21.562444 -157.864278  21.565417 -157.864278  21.563333 -157.863806  21.563583
120862 295899      -      -      1           0    0.105104   0.0554262702896 -157.911917  21.649694 -157.909389  21.652278 -157.911722  21.651722 -157.912694     21.652
121071 195084      -      -      1           0    0.361509   0.0552697218161   96.866222  -12.20125    96.86875 -12.197944   96.866222 -12.200056   96.862896 -12.200029
121931 262647      -      -      1           0    0.117371   0.0546541269497 -156.283111  20.949222 -156.280056  20.951944 -156.282583  20.949028 -156.281472  20.949222
123335 224624      -      -      1           0    0.063391   0.0534599148747 -156.324944  20.951028 -156.322306  20.953611 -156.324833  20.952444 -156.325417  20.952278
123810 184880      -      -      1           0    0.060619   0.0530171669182 -156.710556  21.157583 -156.707667      21.16 -156.710472  21.158694 -156.711047  21.158794
125183 271817      -      -      1           0     0.12083   0.0514759793928  -64.675056  32.374806  -64.671667  32.377361  -64.671972  32.373889  -64.672389  32.374917
128690 282118      -      -      1           0    1.910871    0.048104076163 -166.234167   23.80075 -166.231694  23.803278 -166.232889  23.803278 -166.227639  23.819778
130765 189089      -      -      1           0    0.071525   0.0470291239945  -64.729278  32.348972  -64.726472  32.351611  -64.726472  32.350722  -64.725722  32.350833
133460 244706      -      -      1           0    0.030801   0.0454170721499 -157.868944  21.560611 -157.866611  21.562917 -157.867833  21.562917 -157.867833  21.563194
134476 214991      -      -      1           0    0.204713   0.0445401337684  -28.852139 -20.469611  -28.849583 -20.467917  -28.850028 -20.469611  -28.849194 -20.471278
134576 241942      -      -      1           0    0.056172   0.0444528036042 -157.864722  21.563389 -157.862667  21.566389 -157.863806  21.563583 -157.864278  21.563333
138122 271810      -      -      1           0    0.101889   0.0409346196797  -64.805139    32.2865   -64.80275  32.289028  -64.804139  32.289944  -64.804111  32.289028
138394 280754      -      -      1           0    1.830264   0.0406523897234 -175.862083  27.783722 -175.858833  27.785389 -175.858833  27.784972 -175.840444  27.782472
139105 245774      -      -      1           0    0.025335   0.0399419187315 -166.169944  23.730722 -166.167472  23.733139 -166.168417  23.730889 -166.168361  23.730667
142610 266129      -      -      1           0    0.323883   0.0379746798746   96.900389 -12.197917   96.902889 -12.195444   96.902889 -12.195861   96.904972 -12.197944
142922 197039      -      -      1           0    0.095787   0.0378058511452   96.917917 -12.159583   96.921306 -12.157917   96.919167 -12.159583   96.919139 -12.160444
144399 197038      -      -      1           0    0.087602   0.0368365356198   96.917917 -12.190472   96.919528 -12.187139    96.91875     -12.19   96.919556     -12.19
144761 230832      -      -      1           0    0.367682   0.0365407222735 -166.255167    23.8705 -166.252583  23.872333 -166.253472  23.870611 -166.250972  23.868222
146950 271814      -      -      1           0    0.110609   0.0346967105054  -64.846944  32.254917     -64.845  32.257556  -64.847194  32.254667  -64.846944  32.255639
147033 244706      -      -      1           0    0.030801   0.0346160462959 -157.869222  21.563194 -157.866917  21.565333 -157.867833  21.563194 -157.867833  21.562917
147565 296084      -      -      1           0    0.125131   0.0341734687621  -64.656806  32.355722  -64.655056  32.358361   -64.65575  32.358361  -64.656699   32.35915
150029 195286      -      -      1           0    0.087733   0.0317004373681  -64.663389  32.364806   -64.66075  32.366639  -64.662778  32.365028  -64.663639  32.364722
156214 245774      -      -      1           0    0.025335   0.0285968602351 -166.168556  23.729111 -166.166694  23.731361 -166.168361  23.730667 -166.168417  23.730889
156342 271807      -      -      1           0    0.097862   0.0285126490197  -64.880333  32.285806  -64.878639  32.288167  -64.877694  32.287667  -64.878722  32.287528
159748 189091      -      -      1           0    0.078779   0.0256469566395  -64.881361  32.283333  -64.879194  32.285056  -64.881361  32.284417  -64.882167  32.284611
159848 249656      -      -      1           0    0.166778   0.0255240095369 -175.840472  27.781278 -175.838778  27.782889 -175.838778  27.782472 -175.837083    27.7825
164217 266130      -      -      1           0    0.388719   0.0211787320117   96.878778 -12.198778   96.880444 -12.197111       96.88 -12.198778     96.8825 -12.201278
165079 266127      -      -      1           0    0.208818   0.0205539676658   96.878722 -12.204639   96.880361 -12.202917   96.880361 -12.203361   96.882083 -12.202528
165525 262645      -      -      1           0    0.085145   0.0201070285553 -155.979667  20.757694 -155.977972  20.759361 -155.980486  20.758932 -155.979667  20.758944
165549 197040      -      -      1           0    0.135912   0.0200724065762   96.882083 -12.202917   96.883722 -12.201278   96.883722 -12.201667   96.884626 -12.202512
165957 262646      -      -      1           0    0.095783   0.0196848559992 -155.980472  20.760194 -155.978806  20.761861 -155.979194  20.759333 -155.979222  20.760194
169812 251187      -      -      1           0    0.065001    0.013441558725   96.920389 -12.184639   96.921278 -12.182917   96.921278 -12.183361   96.921667 -12.182917
170572 197042      -      -      1           0     0.18739    0.013026217006   96.916194 -12.166278   96.917083 -12.164611   96.917083 -12.165028   96.918806 -12.164972
173619 251187      -      -      1           0    0.065001   0.0117217998456   96.921278 -12.182917   96.922889 -12.182111   96.921667 -12.182917   96.921278 -12.183361
175673 249656      -      -      1           0    0.166778    0.010510815903 -175.837083  27.782083 -175.835472  27.782917 -175.837083    27.7825 -175.838778  27.782472
183074 269108  69646     77      2    0.042711    0.089671  10499.5893740999 -156.064611  18.912361  -154.80575  20.272806 -155.700889  20.194194 -155.700861     20.195
184053 184054  46270    199      2    0.065446    0.068115  1914.04438975103 -156.701167  20.577444 -155.979667  21.033639    -156.525  20.966694 -156.524389  20.966917
184054 184055  63512 184053      3    0.068115    0.073139  1914.21049710556 -156.701167  20.577444 -155.979667  21.033639 -156.344167  20.942139    -156.344  20.942778
184055 184056  97822 184054      4    0.073139    0.074109   1914.2912506195 -156.701167  20.577444 -155.979667  21.033639 -156.529472  20.989583    -156.529  20.990083
184056 184057  74530 184055      5    0.074109      0.0747  1914.41777336265 -156.701167  20.577444 -155.979667  21.033639 -156.264694  20.943111 -156.264472   20.94375
184057 184058 107125 184056      6      0.0747     0.07682  1914.48689351561 -156.701167  20.577444 -155.979667  21.033639 -156.134111  20.863139   -156.1335  20.863528
184058 262644  77421 184057      7     0.07682    0.079202  1914.60568258106 -156.701167  20.577444 -155.979667  21.033639 -156.324806  20.950722 -156.324639  20.951417
184205 184206  12248    224      2    0.041156    0.047657  1574.85924535244 -158.282722  21.255694 -157.649083  21.714722 -158.010444  21.702278 -158.010333  21.702694
184206 270184  85811 184205      3    0.047657    0.056912  1574.95931217176 -158.282722  21.255694 -157.649083  21.714722 -157.867361  21.560444 -157.867778  21.560778
184879 184880 118920    369      2     0.04586    0.060619  696.493284959705 -157.314167  21.046833     -156.71  21.226583 -156.711047  21.158794 -156.710472  21.158694
184880 184881 123810 184879      3    0.060619    0.261359  696.546302126623 -157.314167  21.046833 -156.707667  21.226583 -156.929694  21.178139 -156.928194  21.180028
184881 269628  57706 184880      4    0.261359    1.240894  696.741692471986 -157.314167  21.046833 -156.707667  21.226583 -156.720278  21.133889 -156.708389  21.132639
185683 306363  95142    590      2    0.020376   13.673834  374.481848139226 -157.064444  20.735056 -156.806444  20.934417 -156.808139  20.829222 -156.691472  20.886111
186621 186622  51816    894      2     0.06539    0.906395  195.776018622798 -160.249194  21.778222 -160.050806  22.005056  -160.09325  22.004944 -160.096694  22.012444
186622 275541  13886 186621      3    0.906395   27.332495  197.880824643628 -160.249194  21.778222 -160.050806  22.028083 -160.050806  21.981778 -159.790472  22.028278
186949 274408  77757    995      2    1.046912  371.765579  169.489569076363 -109.460444 -27.202944  -109.23125  -27.05375 -109.231306   -27.1025 -105.557083 -26.452528
187438 187439  78465   1192      2    0.533429    0.535179  128.638526032169    -5.79125 -16.030444   -5.634583 -15.902889   -5.636694 -15.974611   -5.634139  -15.97875
187439 274203 106060 187438      3    0.535179 1282.442062  128.709049000553    -5.79125 -16.030444   -5.632111 -15.902889     -5.7625 -15.948778  -14.299167  -7.957944
187528 300493  61858   1226      2    0.037028     10.1811  122.912269772968 -156.703417  20.505028 -156.533333  20.610083     -156.54  20.582056 -156.446722  20.609611
187899 274203  82614   1396      2    0.185362 1282.442062  100.856509892454  -14.424611  -7.996222  -14.297111  -7.890417  -14.299167  -7.957944     -5.7625 -15.948778
189088 189089 109219   1989      2    0.041012    0.071525  56.0017094206871  -64.888472  32.244833  -64.674833  32.356639  -64.725722  32.350833  -64.726472  32.350722
189089 189090 130765 189088      3    0.071525    0.077162  56.0487385446816  -64.888472  32.244833  -64.674833  32.356639  -64.834861  32.255833  -64.834472  32.256444
189090 189091  92303 189089      4    0.077162    0.078779  56.1377597335735  -64.888472  32.244833  -64.674833  32.356639  -64.882167  32.284611  -64.881361  32.284417
189091 189092 159748 189090      5    0.078779    0.087746   56.163406690213  -64.888472  32.244833  -64.674833  32.356639  -64.808806  32.293722  -64.809695  32.293481
189092 189093 109317 189091      6    0.087746    0.089669  56.2296013066259  -64.888472  32.244833  -64.674833  32.356639  -64.861139  32.304528  -64.860194  32.304417
189093 271806  15517 189092      7    0.089669    0.093982  57.9722140053359  -64.888472  32.244833  -64.674833  32.356639  -64.717722  32.355861  -64.716722  32.355833
193851 292077 114968   5325      2     0.13901   46.749346  10.9178435580795  -29.343806 -20.526278  -29.297139  -20.48375  -29.297944   -20.5175  -28.852083 -20.469194
195083 195084  93058   6511      2    0.259044    0.361509   7.8504989152708   96.817056 -12.207972   96.862917 -12.135417   96.862896 -12.200029   96.866222 -12.200056
195084 288670 121071 195083      3    0.361509    1.089891   7.9057686370869   96.817056 -12.207972    96.86875 -12.135417    96.86875 -12.198333   96.878778 -12.198361
195286 195287 150029   6705      2    0.087733    0.097092   7.3935557607781  -64.709333  32.344056  -64.647528  32.374111  -64.661361  32.347417  -64.662028   32.34675
195287 271808  58802 195286      3    0.097092    0.099235   7.5831288914251  -64.709333  32.343278  -64.647528  32.374111  -64.707556  32.363222  -64.707278  32.364083
197038 197039 144399   8564      2    0.087602    0.095787   4.8641173986998   96.884583 -12.210472   96.930417 -12.160444   96.919139 -12.160444   96.919167 -12.159583
197039 197040 142922 197038      3    0.095787    0.135912    4.901923249845   96.884583 -12.210472   96.930417 -12.157917   96.884626 -12.202512   96.883722 -12.201667
197040 197041 165549 197039      4    0.135912    0.185385   4.9219956564212   96.882083 -12.210472   96.930417 -12.157917   96.919194  -12.15625   96.919167 -12.157917
197041 197042  88871 197040      5    0.185385     0.18739   5.0167566053424   96.882083 -12.210472   96.930417 -12.154611   96.918806 -12.164972   96.917083 -12.165028
197042 266124 170572 197041      6     0.18739    0.193948   5.0297828223484   96.882083 -12.210472   96.930417 -12.154611   96.922861 -12.184972   96.921278 -12.184167
197344 313846  15212 363899      3  223.837703   262.64958     6.29836877762 -173.974611    25.4933   -170.6199  26.075389 -173.973333  26.075389 -175.809194  27.778722
197639 271806  84281   9183      2    0.085384    0.093982    4.357803088675  -64.718417  32.355667  -64.664056  32.390778  -64.716722  32.355833  -64.717722  32.355861
199480 199481  62971  11385      2    0.740884    1.670533    3.124261540016 -169.551417  16.720333 -169.509639  16.746194 -169.516806  16.760361  -169.51175  16.746139
199481 271669  66542 199480      3    1.670533    2.210178    3.277590169295 -169.551417  16.720333 -169.509639  16.763722 -169.509694  16.745722 -169.491306  16.754944
203375 274408  56048  16689      2    7.435276  371.765579    1.745949869716 -105.557083 -26.464722 -105.456389 -26.450417 -105.557083 -26.452528 -109.231306   -27.1025
214991 259566 134476  37342      2    0.204713    1.684178   0.4475755503564  -28.852139 -20.478778  -28.842972 -20.467917  -28.846667 -20.478778  -28.844222  -20.49375
215120 305347  78013  37588      2    0.310141    0.484682    0.515793757757 -157.661944  21.320889  -157.65525  21.334028 -157.658861  21.320944 -157.662417  21.318111
216528 266126  52684  40633      2    0.185362    0.206345    0.576115469782   96.906222 -12.144611   96.918806 -12.124611   96.915833  -12.14625   96.916667 -12.144583
218745 218746  57005  45412      2     0.09788    0.097911    0.489907180378  -64.833556  32.282389  -64.815861  32.289194   -64.82675   32.28475     -64.826  32.284139
218746 271811  66685 218745      3    0.097911    0.103418    0.642741417719  -64.833556  32.278944  -64.815861  32.289194  -64.816778  32.284139  -64.817194     32.285
222152 296085  74744  53691      2    0.121308    0.265658    0.346587913721  -64.829333    32.2715  -64.816722  32.276667  -64.825861  32.276639  -64.825889  32.279028
224312 271813 112872  59559      2    0.089025    0.106893    0.248335764559  -64.665889  32.372278  -64.657528  32.378361  -64.663736  32.372376  -64.664333  32.373194
224456 282119 115195  59910      2     0.71322    2.498154   0.2438695035783 -166.214944  23.781056   -166.2025  23.790833 -166.232306  23.801056 -166.214361  23.785722
224463 224464 110365  59926      2    0.076239    0.081627   0.2484273972239 -177.359611  28.202056 -177.347111  28.205417 -177.360444     28.205 -177.359611     28.205
224464 224465 224463   8351      3    0.081627    0.263068   5.2715208775739 -177.396306  28.190389 -177.347111  28.214583 -177.347111  28.203306 -177.344611  28.202444
224465 262904  16402 224464      4    0.263068   90.608223   6.8550042864539 -177.396306  28.190389 -177.322972  28.214583 -177.396306  28.193306 -178.292944     28.395
224558 308146  67695  60199      2      0.0785     0.84477    0.331198483147  -157.70275  21.387528 -157.696667  21.395917 -157.700889  21.387889 -157.707083  21.382944
224624 262644 123335  60349      2    0.063391    0.079202   0.2347459757567 -156.329028  20.951028 -156.322306  20.956056 -156.324639  20.951417 -156.324806  20.950722
226481 308147 115537  65274      2    0.031844    0.914533   0.2186377137556 -157.724417  21.469667  -157.71825  21.475278 -157.722972   21.46975 -157.723194  21.461528
227964 227965 115332  69377      2    0.059284    0.081746   0.2033878480128  -64.816778  32.280528  -64.807806     32.285  -64.807028  32.281889  -64.807833  32.282167
227965 271809 227964  47652      3    0.081746    0.099333   0.4714576770898  -64.816778  32.278222       -64.8     32.285  -64.801399  32.277983  -64.802417  32.278222
229844 260304 104653  75069      2    0.034484    1.975469   0.1969761944748 -166.224528  23.854028 -166.218389  23.861639 -166.224528  23.860167 -166.241889  23.868139
230831 230832 108494  78031      2    0.080358    0.367682   0.1843894220594 -166.250972  23.866389 -166.241889  23.869861 -166.250972  23.868222 -166.253472  23.870611
230832 260304 144761 230831      3    0.367682    1.975469   0.2209301443329 -166.255167  23.866389 -166.241889  23.872333 -166.241889  23.868139 -166.224528  23.860167
231872 269109 108537  81495      2    0.046587     0.10031   0.1763468030944 -155.075139  19.729889 -155.069833  19.735833 -155.071083  19.729889 -155.070472  19.729194
233836 295901 102550  88298      2    0.060703    0.178812   0.1699936187208 -157.898472  21.308306   -157.8915  21.312417 -157.891694  21.310778 -157.889972  21.310667
235417 283037 120093  94356      2    0.410994    3.262969   0.1415268865732 -175.942083  27.750389 -175.932944  27.757889 -175.932944  27.750778 -175.902972  27.763333
237074 269108 113659 100779      2     0.08692    0.089671   0.1387710322517 -155.704667  20.194194  -155.69875  20.197556 -155.700861     20.195 -155.700889  20.194194
237550 271812 104721 102674      2    0.059226    0.105334   0.1459516254992  -64.675333  32.335694  -64.670139  32.341806  -64.675103  32.338444  -64.674306  32.339111
240376 282118 114734 114125      2    0.228752    1.910871   0.1227428571933 -166.233278  23.819778 -166.225806  23.824806 -166.227639  23.819778 -166.232889  23.803278
241942 270187 134576 120700      2    0.056172    0.067195   0.0999995580286 -157.866583  21.562444 -157.862667  21.566389 -157.864722  21.562667 -157.864889  21.562083
244706 244707 147033 133460      2    0.030801    0.048399   0.0800331184458 -157.869222  21.560611 -157.866611  21.565333 -157.868861  21.561083 -157.869222  21.560806
244707 270184 244706  95320      3    0.048399    0.056912    0.163718883328 -157.872111  21.559778 -157.866611  21.565333 -157.867778  21.560778 -157.867361  21.560444
245774 245775 156214 139105      2    0.025335    0.181892   0.0685387789666 -166.169944  23.729111 -166.166694  23.733139 -166.167458  23.727484 -166.167639  23.729111
245775 306631 245774  83019      3    0.181892    6.748421   0.1745163496786 -166.169944  23.723278 -166.164417  23.733139 -166.168278  23.733139 -166.208972  23.781056
249656 280754 175673 159848      2    0.166778    1.830264   0.0360348254399 -175.840472  27.781278 -175.835472  27.782917 -175.840444  27.782472 -175.858833  27.784972
251187 266124 173619 169812      2    0.065001    0.193948   0.0251633585706   96.920389 -12.184639   96.922889 -12.182111   96.921278 -12.184167   96.922861 -12.184972
259566 292077  82074 214991      3    1.684178   46.749346   0.5553131415614  -28.852139 -20.497111  -28.841278 -20.467917  -28.852083 -20.469194  -29.297944   -20.5175
260304 260305 229844 230832      5    1.975469    2.722587   0.4179063388077 -166.255167  23.854028 -166.218389  23.872333 -166.281667  23.868139 -166.255167  23.871639
260305 284907  39928 260304      6    2.722587    3.473973   0.7770366947257 -166.292944  23.854028 -166.218389  23.872333 -166.219611  23.854028 -166.231694  23.824806
262644 262645 224624 184058      9    0.079202    0.085145  1914.84042855682 -156.701167  20.577444 -155.979667  21.033639 -155.979667  20.758944 -155.980486  20.758932
262645 262646 165525 262644     10    0.085145    0.095783  1914.86053558537 -156.701167  20.577444 -155.977972  21.033639 -155.979222  20.760194 -155.979194  20.759333
262646 262647 165957 262645     11    0.095783    0.117371  1914.88022044137 -156.701167  20.577444 -155.977972  21.033639 -156.281472  20.949222 -156.282583  20.949028
262647 284423 121931 262646     12    0.117371     0.34366  1914.93487456832 -156.701167  20.577444 -155.977972  21.033639 -155.982971  20.730506 -155.979667  20.730556
262904 307392  18461 224465      5   90.608223  144.436625   8.1651665583639 -178.314611  28.190389 -177.322972  28.400389 -177.322972  28.203306 -175.942083  27.755833
266124 266125 251187 197042      8    0.193948    0.206296    5.054946180919   96.882083 -12.210472   96.930417 -12.154611   96.919139 -12.154611   96.919972 -12.152944
266125 266126  48430 266124      9    0.206296    0.206345    5.316156692812   96.882083 -12.210472   96.930417  -12.14625   96.916667 -12.144583   96.915833  -12.14625
266126 266127 216528 266125     11    0.206345    0.208818    5.892272162594   96.882083 -12.210472   96.930417 -12.124611   96.882083 -12.202528   96.880361 -12.203361
266127 266128 165079 266126     12    0.208818    0.262303   5.9128261302598   96.878722 -12.210472   96.930417 -12.124611   96.905444 -12.123333   96.907472 -12.124611
266128 266129  21588 266127     13    0.262303    0.323883   6.9089098470028   96.878722 -12.210472   96.930417 -12.107083   96.904972 -12.197944   96.902889 -12.195861
266129 266130 142610 266128     14    0.323883    0.388719   6.9468845268774   96.878722 -12.210472   96.930417 -12.107083     96.8825 -12.201278       96.88 -12.198778
266130 288670 164217 266129     15    0.388719    1.089891   6.9680632588891   96.878722 -12.210472   96.930417 -12.107083   96.878778 -12.198361    96.86875 -12.198333
269108 269109 237074 183074      4    0.089671     0.10031  10499.7281451321 -156.064611  18.912361  -154.80575  20.272806 -155.070472  19.729194 -155.071083  19.729889
269109 269110 231872 269108      6     0.10031    0.324019  10499.9044919352 -156.064611  18.912361  -154.80575  20.272806 -154.982444   19.66275 -154.979361    19.6625
269110 316094  71221 269109      7    0.324019   46.668519  10500.0414009574 -156.064611  18.912361  -154.80575  20.272806 -155.870917  20.269528   -156.0505  20.654028
269628 306362  46141 184881      5    1.240894   13.168068  697.024565050641 -157.314167  21.046833 -156.701639  21.226583 -156.703056  21.131111 -156.641972  21.027306
270184 270185 244707 184206      6    0.056912    0.064368  1575.12303105509 -158.282722  21.255694 -157.649083  21.714722 -158.121278  21.589722 -158.121889  21.589611
270185 270186 102317 270184      7    0.064368    0.066687   1575.1974197668 -158.282722  21.255694 -157.649083  21.714722 -157.915111  21.650528 -157.915417  21.651056
270186 270187  83502 270185      8    0.066687    0.067195   1575.3025438565 -158.282722  21.255694 -157.649083  21.714722 -157.864889  21.562083 -157.864722  21.562667
270187 295897 241942 270186     10    0.067195    0.082347  1575.40254341453 -158.282722  21.255694 -157.649083  21.714722 -158.108917    21.6055 -158.108639  21.606194
271669 327836  74462 199481      4    2.210178  838.975634     3.40431608496 -169.551417  16.720333 -169.487139  16.763722 -169.488472  16.757861 -166.173833  23.639028
271806 271807 197639 189093      9    0.093982    0.097862  62.3300170940109  -64.888472  32.244833  -64.664056  32.390778  -64.878722  32.287528  -64.877694  32.287667
271807 271808 156342 271806     10    0.097862    0.099235  62.3585297430306  -64.888472  32.244833  -64.664056  32.390778  -64.707278  32.364083  -64.707556  32.363222
271808 271809 195287 271807     13    0.099235    0.099333  69.9416586344557  -64.888472  32.244833  -64.647528  32.390778  -64.802417  32.278222  -64.801399  32.277983
271809 271810 227965 271808     16    0.099333    0.101889  70.4131163115455  -64.888472  32.244833  -64.647528  32.390778  -64.804111  32.289028  -64.804139  32.289944
271810 271811 138122 271809     17    0.101889    0.103418  70.4540509312252  -64.888472  32.244833  -64.647528  32.390778  -64.817194     32.285  -64.816778  32.284139
271811 271812 218746 271810     20    0.103418    0.105334  71.0967923489442  -64.888472  32.244833  -64.647528  32.390778  -64.674306  32.339111  -64.675103  32.338444
271812 271813 237550 271811     22    0.105334    0.106893  71.2427439744434  -64.888472  32.244833  -64.647528  32.390778  -64.664333  32.373194  -64.663736  32.372376
271813 271814 224312 271812     24    0.106893    0.110609  71.4910797390024  -64.888472  32.244833  -64.647528  32.390778  -64.846944  32.255639  -64.847194  32.254667
271814 271815 146950 271813     25    0.110609    0.114208  71.5257764495078  -64.888472  32.244833  -64.647528  32.390778  -64.823525  32.282282  -64.824083  32.283194
271815 271816  65225 271814     26    0.114208    0.117298  71.6844401315768  -64.888472  32.244833  -64.647528  32.390778  -64.811778  32.285028  -64.812583  32.284222
271816 271817 113287 271815     27    0.117298     0.12083  71.7470709745981  -64.888472  32.244833  -64.647528  32.390778  -64.672389  32.374917  -64.671972  32.373889
271817 296084 125183 271816     28     0.12083    0.125131  71.7985469539909  -64.888472  32.244833  -64.647528  32.390778  -64.656699   32.35915   -64.65575  32.358361
274203 363877 187899 187439      5 1282.442062 1539.355978  229.565558893007  -14.424611 -16.030444   -5.632111  -7.890417  -14.354222  -7.901278   -8.266694   4.577083
274408 363878 203375 186949      4  371.765579 1552.344406  171.235518946079 -109.460444 -27.202944 -105.456389 -26.450417 -109.460444 -27.201722 -124.777139 -24.669222
275541 297545 186622    239      4   27.332495   34.245154  1651.27325457363 -160.249194  21.778222  -159.29375   22.23875    -160.245  21.804028 -160.538444  21.660694
280754 280755 249656 138394      3    1.830264    1.887925   0.0766872151633 -175.862083  27.781278 -175.835472  27.785389 -175.835472    27.7825 -175.816306  27.781639
280755 293260 280754  53318      4    1.887925    4.032854   0.3000432147953 -175.862083  27.777889 -175.807083  27.785389 -175.862083  27.784139 -175.896278  27.764139
282118 282119 128690 240376      3    1.910871    2.498154   0.1708469333563 -166.234167   23.80075 -166.225806  23.824806 -166.214361  23.785722 -166.232306  23.801056
282119 284907 282118 224456      5    2.498154    3.473973   0.4147164369346 -166.234167  23.781056   -166.2025  23.824806 -166.231694  23.824806 -166.219611  23.854028
283037 293260  72645 235417      3    3.262969    4.032854   0.2737845660572 -175.942083  27.750389 -175.896278  27.765417 -175.896278  27.764139 -175.862083  27.784139
284423 300493  94822 262647     13     0.34366     10.1811  1915.01954265578 -156.701167  20.577444 -155.976278  21.033639 -156.446722  20.609611     -156.54  20.582056
284907 284908 282119 260305     11    3.473973    3.586612   1.1917531316603 -166.292944  23.781056   -166.2025  23.872333 -166.292944  23.864889 -166.324167  23.849889
284908 300016  94047 284907     12    3.586612    4.847668    1.277900630415  -166.32775  23.781056   -166.2025  23.872333 -166.233222  23.800972 -166.263417   23.76725
288670 288671 266130 195084     18    1.089891    1.294265   14.873831895976   96.817056 -12.210472   96.930417 -12.107083   96.888306 -12.107083   96.887472 -12.095472
288671 302651  44061 288670     19    1.294265    3.511542   15.178522705312   96.817056 -12.210472   96.930417 -12.089611   96.877889 -12.090861   96.847889 -12.079167
292077 363874 259566 193851      5   46.749346 1019.273103  11.4731566996409  -29.343806 -20.526278  -28.841278 -20.467917  -29.343806 -20.487528  -38.695444 -17.981694
293260 298958 283037 280755      7    4.032854   16.164936   0.5738277808525 -175.942083  27.750389 -175.807083  27.785389   -175.8075  27.781222 -175.735889  27.912083
295897 295898  99740 270187     11    0.082347    0.084185  1575.48076504772 -158.282722  21.255694 -157.649083  21.714722 -157.955861   21.31825  -157.95575    21.3175
295898 295899 104863 295897     12    0.084185    0.105104  1575.55259697239 -158.282722  21.255694 -157.649083  21.714722 -157.912694     21.652 -157.911722  21.651722
295899 295900 120862 295898     13    0.105104    0.155257  1575.60802324268 -158.282722  21.255694 -157.649083  21.714722 -157.895806  21.322111 -157.896583  21.320917
295900 295901  50219 295899     14    0.155257    0.178812  1575.85365574219 -158.282722  21.255694 -157.649083  21.714722 -157.889972  21.310667 -157.891694  21.310778
295901 295902 233836 295900     16    0.178812    0.203841  1576.02364936091 -158.282722  21.255694 -157.649083  21.714722 -157.964333  21.354778 -157.964361  21.356611
295902 305338  12567 295901     17    0.203841    0.233892  1578.51917864556 -158.282722  21.255694 -157.649083  21.714722 -157.723194  21.398444 -157.721778  21.400083
296084 296085 147565 271817     29    0.125131    0.265658   71.832720422753  -64.888472  32.244833  -64.647528  32.390778  -64.825889  32.279028  -64.825861  32.276639
296085 296086 222152 296084     31    0.265658    0.471289   72.179308336474  -64.888472  32.244833  -64.647528  32.390778  -64.834139  32.273361  -64.829194  32.274056
296086 363875  91182 296085     32    0.471289 1034.416274   72.269795143382  -64.888472  32.244833  -64.647528  32.390778  -64.883389  32.304083  -75.526139  35.230861
297545 319830  22449 275541      5   34.245154    116.4554  1652.20623506733 -160.546722  21.649944  -159.29375   22.23875 -159.332444  21.960444  -158.28225   21.57875
298958 307392  65904 293260      8   16.164936  144.436625   0.7299711948635 -175.942083  27.750389 -175.730444  27.917889 -175.942083  27.755833 -177.322972  28.203306
300016 306631  95501 284908     13    4.847668    6.748421   1.3612912730667  -166.32775  23.764139   -166.2025  23.872333 -166.208972  23.781056 -166.168278  23.733139
300493 306362 187528 284423     15     10.1811   13.168068  2037.93181242874 -156.703417  20.505028 -155.976278  21.033639 -156.641972  21.027306 -156.703056  21.131111
302651 308489  21953 288671     20    3.511542   36.511069   16.145544752742   96.817056 -12.210472   96.930417  -12.07375   96.834167 -12.074583   96.608472 -11.831556
305338 305339  94493 295902     18    0.233892    0.250132  1578.60445647765 -158.282722  21.255694 -157.649083  21.714722  -158.01825  21.367889 -158.015917  21.367306
305339 305340  73757 305338     19    0.250132    0.271891  1578.73344817789 -158.282722  21.255694 -157.649083  21.714722  -157.93832  21.315687 -157.938528   21.31325
305340 305341 110949 305339     20    0.271891    0.272847  1578.79807123821 -158.282722  21.255694 -157.649083  21.714722 -157.928917  21.662833 -157.926611  21.664028
305341 305342  54922 305340     21    0.272847    0.324327  1579.01088928486 -158.282722  21.255694 -157.649083  21.714722 -157.835028  21.510611 -157.831917  21.510972
305342 305343  84069 305341     22    0.324327    0.358517  1579.11495228582 -158.282722  21.255694 -157.649083  21.714722 -157.918528  21.661333 -157.921361  21.663194
305343 305344  97586 305342     23    0.358517    0.388905  1579.19597471706 -158.282722  21.255694 -157.649083  21.714722 -157.774694  21.459111 -157.775833  21.462444
305344 305345  93784 305343     24    0.388905    0.414781  1579.28264360908 -158.282722  21.255694 -157.649083  21.714722 -157.898472    21.3115 -157.902472  21.311667
305345 305346  94437 305344     25    0.414781    0.446867   1579.3680336981 -158.282722  21.255694 -157.649083  21.714722 -157.792833  21.430917 -157.790028  21.433972
305346 305347  60112 305345     26    0.446867    0.484682  1579.55045491451 -158.282722  21.255694 -157.649083  21.714722 -157.662417  21.318111 -157.658861  21.320944
305347 305348 215120 305346     28    0.484682    0.597257  1580.06624867226 -158.282722  21.255694 -157.649083  21.714722 -157.933306  21.674972 -157.927528  21.675111
305348 308146  88120 305347     29    0.597257     0.84477  1580.16238124886 -158.282722  21.255694 -157.649083  21.714722 -157.707083  21.382944 -157.700889  21.387889
306362 306363 269628 300493     20   13.168068   13.673834  2734.95637747938 -157.314167  20.505028 -155.976278  21.226583 -156.691472  20.886111 -156.808139  20.829222
306363 311468 185683 306362     22   13.673834   40.811227  3109.43822561861 -157.314167  20.505028 -155.976278  21.226583  -157.30025  21.135778 -157.651139   21.30225
306631 314290 245775 300016     16    6.748421    9.045184   1.5358076227453  -166.32775  23.723278 -166.164417  23.872333 -166.165917  23.723278 -166.174417  23.642306
307392 313846 298958 262904     13  144.436625   262.64958   8.8951377532274 -178.314611  27.750389 -175.730444  28.400389 -175.809194  27.778722 -173.973333  26.075389
308146 308147 224558 305348     31     0.84477    0.914533  1580.49357973201 -158.282722  21.255694 -157.649083  21.714722 -157.723194  21.461528 -157.722972   21.46975
308147 308148 226481 308146     33    0.914533    1.061057  1580.71221744576 -158.282722  21.255694 -157.649083  21.714722 -157.816639  21.457361 -157.809333  21.464056
308148 308149  63189 308147     34    1.061057    1.290288  1580.87960163651 -158.282722  21.255694 -157.649083  21.714722 -157.800222   21.47725 -157.806444  21.467194
308149 308150  68598 308148     35    1.290288    1.469052  1581.02567507593 -158.282722  21.255694 -157.649083  21.714722 -157.736776  21.434036 -157.722583     21.434
308150 311468  81902 308149     36    1.469052   40.811227  1581.13380488198 -158.282722  21.255694 -157.649083  21.714722 -157.651139   21.30225  -157.30025  21.135778
308489 363871  15800 302651     21   36.511069  936.639442   17.837577250482   96.596889 -12.210472   96.930417 -11.812917    96.61025 -11.813194  102.275806  -5.508778
311468 316094 308150 306363     58   40.811227   46.668519  4690.57203050059 -158.282722  20.505028 -155.976278  21.714722   -156.0505  20.654028 -155.870917  20.269528
313846 324955 197344 307392     16   262.64958  269.214028  15.1935065308474 -178.314611    25.4933   -170.6199  28.400389   -170.6199    25.4933 -167.998806  25.000833
314290 318007  93524 306631     17    9.045184  149.125427   1.6229538080319  -166.32775     23.639 -166.164417  23.872333 -166.164417  23.724833 -164.709278  23.576444
316094 319830 311468 269110     65   46.668519    116.4554   15190.613431458 -158.282722  18.912361  -154.80575  21.714722  -158.28225   21.57875 -159.332444  21.960444
318007 320213  30013 314290     18  149.125427  211.748328   2.1993297157779  -166.32775  23.572333  -164.69425  23.872333 -166.327611  23.849917 -167.995444  24.999167
319830 320992 297545 316094     70    116.4554  209.532974  16842.8196665254 -160.546722  18.912361  -154.80575   22.23875  -160.54275  21.662333 -161.915028  23.055417
320213 324955  91056 318007     19  211.748328  269.214028   2.2900000637613 -167.998833  23.572333  -164.69425   25.00125 -167.998806  25.000833   -170.6199    25.4933
320992 323898  22127 319830     71  209.532974   287.96239  16843.7749868426 -161.929667  18.912361  -154.80575  23.062083 -161.929583  23.061611  -164.69425  23.573639
323898 327836 324955 320992    106   287.96239  838.975634  16861.2584934372 -178.314611  18.912361  -154.80575  28.400389 -166.173833  23.639028 -169.488472  16.757861
324955 323898 320213 313846     35  269.214028   287.96239  17.4835065946087 -178.314611  23.572333  -164.69425  28.400389  -164.69425  23.573639 -161.929583  23.061611
327836 363876 271669 323898    110  838.975634  1378.89097  16864.6628095222 -178.314611  16.720333  -154.80575  28.400389 -169.522556  16.727806 -162.402997   6.437725
363871 363872 308489 363870 181372  936.639442   950.91362  147413424.785422        -180        -90         180  83.633389 -110.955806  18.708222 -109.229111  10.312944
363872 363873   6062 363871 181373   950.91362 1014.995346  147413433.542295        -180        -90         180  83.633389   145.23374  20.030319  153.969583     24.285
363873 363874  15328 363872 181374 1014.995346 1019.273103  147413435.320793        -180        -90         180  83.633389  -38.695444 -17.981694  -29.343806 -20.487528
363874 363875 292077 363873 181379 1019.273103 1034.416274   147413446.79395        -180        -90         180  83.633389  -75.526139  35.230861  -64.883389  32.304083
363875 363876 296086 363874 181411 1034.416274  1378.89097  147413519.063745        -180        -90         180  83.633389 -162.402997   6.437725 -169.522556  16.727806
363876 363877 327836 363875 181521  1378.89097 1539.355978  147430383.726555        -180        -90         180  83.633389   -8.266694   4.577083  -14.354222  -7.901278
363877 363878 274203 363876 181526 1539.355978 1552.344406  147430613.292114        -180        -90         180  83.633389 -124.777139 -24.669222 -109.460444 -27.201722
363878 363879 274408 363877 181530 1552.344406  1604.16109  147430784.527633        -180        -90         180  83.633389   85.469177 -66.431574   73.573361 -53.197944
363898 363899      -      -      1           0  114.058292             0.004   -170.6278    25.4933   -170.6199    25.5051   -170.6278    25.5051  -171.73044   25.75788
363899 197344 363898   8905      2  114.058292  223.837703     4.49515944184 -171.747139    25.4933   -170.6199  25.782944  -171.74625  25.771639 -173.961278  26.060833
