    99 183275      -      -      1           0    0.089623     6790.53078288   68.734083 -49.734611   70.564167 -48.655417   69.174944 -49.595444   69.174944  -49.59625
   843 186480      -      -      1           0    0.188375     213.891726391   69.197528 -49.118778   69.417944 -48.885417   69.341667 -49.042944   69.341639  -49.04125
  2257 223604      -      -      1           0    0.121127     44.4833609624   69.505833 -49.215472   69.667528 -49.152889   69.634139 -49.213361   69.632472 -49.213389
  2564 190117      -      -      1           0     0.13277     36.6147894477   69.824139 -49.585444   70.007528  -49.49625   69.915833 -49.519611   69.915833 -49.518417
  2654 183288      -      -      1           0    0.118727     34.8655989342     68.6475 -49.372083     68.8075 -49.319611     68.8075 -49.348361   68.809139 -49.348361
  3380 266948      -      -      1           0    0.148601     23.4446217511   69.804139 -49.492944   69.910861  -49.41625   69.854194 -49.429167   69.855833 -49.428361
  5943 194506      -      -      1           0    0.150739     9.06911031735     69.8775 -49.392889   69.957472 -49.364583   69.934972 -49.389611   69.935778 -49.390861
  7877 266989      -      -      1           0    0.236549     5.54750208089   69.459111 -49.018778   69.493722 -48.987917   69.463333 -49.017972     69.4625 -49.020028
  8540 197025      -      -      1           0    0.139576     4.84461252234   69.925778 -49.422944   69.964167 -49.397889   69.925839  -49.41443   69.924167 -49.415056
  9203 266999      -      -      1           0    0.257761     4.23834739604   69.714139 -49.571278   69.744194 -49.530417   69.714139 -49.530833   69.710806     -49.53
  9912 266983      -      -      1           0    0.223976     3.75278896335   69.549111 -49.255444   69.600861 -49.242917   69.550806 -49.247556   69.549139 -49.245861
 10055 183276      -      -      1           0    0.089645      3.6583996535   69.600806 -49.042083   69.662472 -49.029583   69.606667 -49.042083   69.606694 -49.042889
 10302 286071      -      -      1           0    0.381035     3.50352863604     69.4525 -49.190444   69.495861 -49.171222   69.452528 -49.175028   69.447444 -49.174194
 10609 266956      -      -      1           0    0.153864     3.33111156462    69.91075 -49.477111   69.955861 -49.463722   69.909111 -49.473361   69.910778   -49.4725
 11360 199445      -      -      1           0    0.185373     2.96460899664   69.224139 -49.623778     69.2475  -49.59875       69.24  -49.59875   69.239972 -49.597083
 11415 201407      -      -      1           0    0.666517     2.94502234624   69.977444 -49.517111   70.009111 -49.496333   69.969111 -49.501667     69.9775 -49.504167
 11524 199604      -      -      1           0    0.287619     2.90462705489   69.664083 -49.122972   69.694167 -49.107139    69.68504 -49.111275   69.687444 -49.109222
 11555 286048      -      -      1           0    0.302148     2.89032745387   69.910833 -49.507111   69.947444 -49.482917   69.910833  -49.48836   69.907528 -49.486694
 13512 303524      -      -      1           0    0.479185     2.20529874169   69.937417 -49.440444   69.964194 -49.427083   69.946611 -49.427083   69.948306 -49.422917
 13902 201406      -      -      1           0    0.263584     2.09947059247   69.964139 -49.493778   69.992472  -49.48125   69.965833 -49.490833   69.962417 -49.491667
 14449 201771      -      -      1           0    0.095739     1.97258580677   69.535806 -49.222944     69.5875 -49.213778   69.538278 -49.217111   69.538278 -49.217972
 14950 202114      -      -      1           0    0.223342     1.86139327288   69.452472 -49.202944   69.485778 -49.192944   69.459917 -49.202944   69.461694 -49.204583
 16118 266966      -      -      1           0    0.185406     1.63114239862   69.804111 -49.488778   69.822528  -49.47125   69.809944  -49.47125       69.81 -49.469583
 17565 203949      -      -      1           0    0.095739     1.42079696821   69.452472 -49.221278   69.497472 -49.214583   69.476694 -49.215444   69.476694 -49.214583
 17860 286065      -      -      1           0    0.371155     1.38056681999   69.740778 -49.547139   69.760861 -49.530417   69.757472    -49.535   69.759972 -49.532083
 17940 303526      -      -      1           0    0.506692     1.37122610274   70.260806 -49.532944     70.2775  -49.51625   70.264111 -49.530889       70.26 -49.534583
 18288 303528      -      -      1           0     0.51294     1.32953675795   69.970778 -49.427111   69.995806 -49.410417   69.970778 -49.412556   69.964167 -49.410889
 20641 205962      -      -      1           0    0.089512     1.08060315596   68.752472 -49.377083   68.779111 -49.363806   68.766667 -49.367111   68.766667 -49.366306
 21595 266986      -      -      1           0     0.22758    0.995633930546     69.4675 -49.267972   69.507528  -49.26125   69.476639 -49.262972   69.474944  -49.26125
 22553 207100      -      -      1           0     0.09576    0.926114987057   69.602472 -49.244611   69.629111  -49.23875   69.608333 -49.242917   69.608361 -49.243778
 25130 201406      -      -      1           0    0.263584    0.775031585409   69.954111 -49.502944   69.969167 -49.491306   69.962417 -49.491667   69.965833 -49.490833
 28135 210294      -      -      1           0    0.281101    0.640808377116     69.2825 -49.598778   69.294111 -49.589556   69.288333  -49.59875   69.288333 -49.601278
 28683 201772      -      -      1           0    0.150043    0.621754294651   69.524139 -49.213778   69.540861 -49.207111   69.540861 -49.213333   69.541639 -49.214583
 28950 201771      -      -      1           0    0.095739    0.612625007901   69.532444 -49.224639   69.547472 -49.217139   69.538278 -49.217972   69.538278 -49.217111
 30061 211253      -      -      1           0    0.292498    0.575137403173   69.769083 -49.469583     69.7825 -49.462944   69.782472 -49.468361   69.784944 -49.470444
 30085 199445      -      -      1           0    0.185373    0.574464649232   69.225806 -49.597111   69.240861 -49.585417   69.239972 -49.597083       69.24  -49.59875
 33264 212940      -      -      1           0    0.143852    0.487504308844     69.2875 -49.613778   69.299167 -49.605417   69.291852 -49.613689   69.293333 -49.614556
 42962 217601      -      -      1           0    0.089646    0.317301687175   69.724139  -49.52375   69.732472 -49.517917       69.73  -49.52375   69.730028 -49.524556
 45620 286059      -      -      1           0    0.363897    0.288213199457   69.465833 -49.237167   69.480806  -49.23375   69.471639  -49.23375   69.468306 -49.231306
 47809 266942      -      -      1           0     0.13365    0.266700688481    69.70075 -49.297944   69.719167 -49.292083   69.700833   -49.2925   69.700949   -49.2913
 48455 258427      -      -      1           0    0.558868    0.261024676217   69.300833 -49.592083   69.312528  -49.58875   69.294083 -49.593306   69.300833 -49.590833
 50674 286051      -      -      1           0    0.302892    0.242342315147   69.079194 -49.549667   69.087528 -49.544583   69.086639 -49.544583   69.084972 -49.542083
 51954 266955      -      -      1           0    0.152552    0.232945418851   69.024139 -49.021306   69.034139 -49.017056   69.026667 -49.017056   69.024944 -49.016278
 57638 223603      -      -      1           0    0.095739     0.19575765857   69.635806 -49.215417   69.654111 -49.212917   69.636583 -49.214611   69.636583  -49.21375
 57770 286056      -      -      1           0    0.359853    0.194968910281   68.735833 -49.669639   68.744111 -49.665444   68.744111   -49.6675   68.749111 -49.667528
 57823 266973      -      -      1           0    0.214126    0.194674959963   68.749167 -49.693806   68.759194 -49.690417   68.759111 -49.691639   68.760806 -49.690056
 59319 224223      -      -      1           0    0.289205    0.186640793567   68.799111 -49.304583     68.8075 -49.300417   68.806694 -49.303806   68.809139 -49.305861
 59482 224281      -      -      1           0    0.153852    0.185724279401   69.847444 -49.481278   69.855861 -49.477917   69.855833 -49.479194     69.8575 -49.478333
 59514 224294      -      -      1           0    0.368013    0.185558260027   69.512472 -49.219611   69.524167 -49.217083   69.512472 -49.218306       69.51 -49.215417
 60373 266974      -      -      1           0    0.216333    0.181157887781   69.429111 -49.209583   69.440806 -49.206278   69.429111 -49.208361   69.427226 -49.209867
 61205 303548      -      -      1           0     0.75042    0.176696019588   70.384111  -49.37375   70.390861 -49.367917   70.390861 -49.370806   70.394972 -49.364611
 64601 303538      -      -      1           0    0.629108    0.161376979726   69.400778 -49.628778   69.409139 -49.625417   69.409139 -49.627528   69.417472 -49.625833
 64639 286061      -      -      1           0    0.367478    0.161161673314   69.422528 -49.185389   69.432472 -49.182111   69.422528 -49.183306   69.417472 -49.183306
 69720 245611      -      -      1           0    0.215065    0.141806682686   69.489167 -49.233778   69.499111  -49.23125   69.496639 -49.229639      69.495  -49.23125
 70268 228294      -      -      1           0    0.258999    0.140167268315   69.589167  -49.26125   69.600778 -49.259583   69.600778     -49.26   69.604111 -49.260833
 73811 183295      -      -      1           0    0.120607    0.128813283927   69.794139 -49.428806   69.799139 -49.424556   69.794139 -49.425028   69.792472 -49.425056
 78248 230902      -      -      1           0    0.185373    0.116633737132   70.329139 -49.397944   70.335806 -49.394611       70.33 -49.394611   70.329972 -49.392944
 82299 232102      -      -      1           0    0.147303     0.10733754822   69.210806 -49.126278   69.215861 -49.122944   69.215155 -49.125349   69.216639  -49.12625
 82343 266990      -      -      1           0    0.239653    0.107258670191   68.827444 -49.315417   68.834194 -49.312917   68.834194 -49.313389     68.8375 -49.313389
 82351 266988      -      -      1           0    0.235998    0.107244527242   69.435778 -49.144583   69.442472 -49.141278   69.439944 -49.141278   69.439139 -49.139222
 82962 303523      -      -      1           0    0.469469    0.106079807197   69.685778 -49.102917     69.6925 -49.100417   69.688333 -49.102917   69.688306 -49.107139
 84049 232619      -      -      1           0    0.520449    0.104088414554     70.1925 -49.515444   70.199194 -49.512917     70.1925 -49.513389   70.187528     -49.51
 86769 303525      -      -      1           0    0.499518   0.0983254223352   68.809583  -48.95625    68.81375 -48.952083   68.811667  -48.95625   68.809111 -48.960417
 87378 233546      -      -      1           0    0.215256   0.0973254245702   68.730833 -49.086306   68.737444  -49.08375   68.735028 -49.086306   68.736667 -49.087917
 94522 237679      -      -      1           0    0.277995   0.0852308212203   69.445806 -49.213778   69.454167 -49.212083   69.451639 -49.212111   69.451611 -49.209611
 94958 210294      -      -      1           0    0.281101   0.0843935483455   69.287472 -49.603778   69.292472  -49.60125   69.288333 -49.601278   69.288333  -49.59875
 95500 263808      -      -      1           0    0.376861   0.0833909557143     69.6625 -49.165444   69.665833 -49.162139   69.664917 -49.162139   69.664972  -49.15875
 95514 266981      -      -      1           0    0.222769   0.0833670167913   69.574139 -49.038778   69.579167 -49.036306   69.574139 -49.037528   69.572444 -49.035861
 96064 266978      -      -      1           0    0.220339   0.0826108848124   69.412417  -49.18375   69.417472 -49.181306   69.413306  -49.18375   69.411667 -49.185417
100488 303537      -      -      1           0    0.607924   0.0770097329399   69.375389  -48.99875   69.380417 -48.995444   69.375389 -48.998361   69.367056 -48.998333
101542 267003      -      -      1           0    0.261918   0.0754082026838   69.129611 -48.829583   69.133778 -48.826278   69.132472 -48.829583      69.135  -48.83125
102879 303549      -      -      1           0    0.750463   0.0737555502192   69.702444 -49.100444   69.709167  -49.09875   69.692472 -49.101694   69.702472 -49.100056
103182 237678      -      -      1           0    0.182294   0.0734427326173   69.449167 -49.209611   69.454139 -49.207083   69.449944 -49.207083       69.45 -49.205444
103810 186480      -      -      1           0    0.188375   0.0728292387421   69.340778  -49.04125   69.345806 -49.038778   69.341639  -49.04125   69.341667 -49.042944
104392 183278      -      -      1           0    0.092759   0.0722799156454     69.4625 -49.245444   69.469111  -49.24375   69.463278 -49.245444   69.463306 -49.246278
104631 199446      -      -      1           0    0.219774   0.0720520466066   69.220806 -49.592111   69.224139 -49.588778   69.225806 -49.587528   69.223907 -49.589074
104887 266967      -      -      1           0    0.188407   0.0717909893315   69.885778 -49.715444   69.890806 -49.712917   69.889972 -49.712944   69.890028  -49.71125
106217 266997      -      -      1           0    0.256328   0.0703379047798     69.1675 -49.604583    69.17075 -49.601278     69.1675 -49.601667   69.164167 -49.602472
106946 183286      -      -      1           0    0.108805   0.0693804764629      69.627 -48.974583   69.631194 -48.972111   69.628333 -48.974583   69.627028 -48.975056
109271 286062      -      -      1           0    0.367652   0.0662493790843   69.354528 -48.936278   69.357917 -48.932889   69.353306 -48.930444   69.356694 -48.932889
112451 266953      -      -      1           0    0.151889   0.0634093546582   68.839167 -49.474639   68.844167 -49.472917   68.844167 -49.473361   68.845833 -49.472528
113080 266987      -      -      1           0    0.232705   0.0628422126992   70.334139 -49.389611   70.337528 -49.386278   70.334944 -49.386278   70.337492 -49.385002
113456 303527      -      -      1           0    0.511899   0.0624644655748   69.962472 -49.402944   69.965833 -49.399583   69.964083   -49.4025   69.957472 -49.404139
113507 245628      -      -      1           0    0.463388   0.0624165587276   69.947472 -49.512944   69.954139  -49.51125   69.953361 -49.517111   69.953278 -49.512944
114566 266964      -      -      1           0     0.18226   0.0612095947906   69.635861 -49.267944   69.642528 -49.266278   69.641639 -49.267944   69.641667 -49.269583
114567 224282      -      -      1           0    0.219528   0.0612089875054   69.860806 -49.482139   69.864139 -49.479611   69.859167 -49.478389   69.860861 -49.480028
115126 266970      -      -      1           0    0.192158   0.0605586315345   69.572056 -48.942139   69.577083 -48.940417   69.575806 -48.942139   69.574972 -48.943778
122740 183281      -      -      1           0    0.098352   0.0539603287535   69.590361 -48.957111    69.59375 -48.954611   69.590361 -48.956667   69.589227 -48.957145
125025 199604      -      -      1           0    0.287619   0.0516501004702   69.687444 -49.109611   69.690833 -49.107139   69.687444 -49.109222    69.68504 -49.111275
125276 203950      -      -      1           0    0.119053   0.0513703511191   69.467528 -49.213806     69.4725 -49.212083   69.474139 -49.213333     69.4725 -49.213333
125504 286058      -      -      1           0    0.362348   0.0511016341867   69.902472 -49.413778   69.905833  -49.41125   69.902472 -49.412472   69.899111 -49.410056
125620 286052      -      -      1           0    0.302976   0.0509508777489    69.38575 -49.182944   69.390806 -49.181278   69.389944 -49.182944   69.391694 -49.185417
125813 242955      -      -      1           0     0.09576   0.0507411958417   69.595833 -49.239611   69.602528 -49.237944   69.596611 -49.239611   69.596639 -49.240472
125991 232620      -      -      1           0    0.587346    0.050541827119   70.199111 -49.521306   70.204167 -49.519611   70.201611 -49.519611   70.196611 -49.515444
126069 286075      -      -      1           0    0.445656    0.050461150502   69.800806 -49.492944   69.805833 -49.490444   69.801667 -49.490444   69.798306 -49.487083
126156 230902      -      -      1           0    0.185373   0.0503750697614   70.327472 -49.392944   70.332472  -49.39125   70.329972 -49.392944       70.33 -49.394611
126257 232102      -      -      1           0    0.147303    0.050271045593   69.214111 -49.128778   69.217417  -49.12625   69.216639  -49.12625   69.215155 -49.125349
126343 224295      -      -      1           0    0.393463   0.0501725594621   69.507472 -49.209583   69.510861 -49.206278   69.509972 -49.212944   69.508278 -49.209583
126514 266958      -      -      1           0    0.153944   0.0499899606979   68.850778 -49.403778    68.85575 -49.402111   68.853306 -49.402111   68.854972  -49.40125
126557 303547      -      -      1           0    0.731022   0.0499465094103   70.339167 -49.565444     70.3425 -49.562917   70.339167 -49.564194   70.333361 -49.569583
127117 266991      -      -      1           0    0.239924   0.0493047627851   69.595806 -49.247083   69.600806 -49.245444   69.592528 -49.246667   69.595833 -49.246694
138362 245609      -      -      1           0    0.119015   0.0406827664818   69.500806 -49.230472   69.504139  -49.22875   69.500806 -49.229167   69.499167 -49.229167
138490 245627      -      -      1           0     0.15068   0.0405467031619   69.955778 -49.521306   69.959194 -49.519583   69.955778     -49.52   69.954972  -49.51875
138853 266965      -      -      1           0    0.185362   0.0401519092412   69.020778 -49.089611   69.024194 -49.087944   69.021667 -49.089611   69.021667 -49.091278
138904 245719      -      -      1           0    0.362506   0.0401153039425   69.350778 -49.016306   69.354167 -49.013806   69.350778 -49.015861   69.345808 -49.015933
139392 266951      -      -      1           0    0.150739   0.0397196089867   68.840833 -49.392111   68.844167 -49.390444   68.843361 -49.390444   68.844167 -49.389194
139605 199447      -      -      1           0      0.3609   0.0395846641527   69.250806 -49.617917   69.255833  -49.61625   69.250806 -49.616667   69.245797 -49.616691
139679 266946      -      -      1           0    0.147108   0.0395394264919   68.834139 -49.477944     68.8375 -49.476278   68.834139 -49.477528    68.83291 -49.478583
139740 223603      -      -      1           0    0.095739    0.039498675097   69.634139 -49.213778   69.637528 -49.212083   69.636583  -49.21375   69.636583 -49.214611
139789 266952      -      -      1           0    0.151394   0.0394648026225   69.179167 -49.596278     69.1825 -49.594583   69.179972 -49.594583   69.178278 -49.593778
139826 194506      -      -      1           0    0.150739    0.039438748386   69.935778 -49.392111   69.939194 -49.390417   69.935778 -49.390861   69.934972 -49.389611
139864 203949      -      -      1           0    0.095739   0.0394090770354   69.474139 -49.214583   69.477472 -49.212917   69.476694 -49.214583   69.476694 -49.215444
139958 266985      -      -      1           0    0.225447   0.0393517734151   70.185778 -49.142944   70.189139 -49.140417   70.186639 -49.142944   70.189111 -49.144167
140047 303544      -      -      1           0    0.707917   0.0392956944797   69.679139 -49.074639     69.6825 -49.072139   69.679139 -49.073333   69.670833 -49.070028
140075 266943      -      -      1           0    0.145228   0.0392758964424   69.670778 -49.067944   69.675833 -49.066278   69.670778 -49.066694   69.669556 -49.067726
140163 183297      -      -      1           0    0.123989   0.0392235525847     69.5725 -49.125417   69.575833 -49.122917     69.5725 -49.124194   69.570796 -49.124178
140215 245627      -      -      1           0     0.15068   0.0391944143239   69.952417 -49.518778   69.955833 -49.517083   69.954972  -49.51875   69.955778     -49.52
140414 183280      -      -      1           0    0.095739   0.0390825896973   69.612472 -49.020417   69.615778  -49.01875   69.613278 -49.020417   69.613278 -49.021278
141160 266963      -      -      1           0     0.18226   0.0387108017075   69.797528 -49.646278   69.802472 -49.644556   69.799972 -49.644611   69.799944 -49.642972
141288 303543      -      -      1           0    0.674055   0.0386504147784   69.942472  -49.56875     69.9475 -49.567111   69.949139 -49.561694   69.944944 -49.567111
141462 303531      -      -      1           0    0.526689   0.0385740968331   69.645833 -49.261278   69.649139 -49.259639   69.649139 -49.260806   69.654167 -49.264222
142030 245719      -      -      1           0    0.362506   0.0383008077222   69.340778 -49.017083   69.345833 -49.015472   69.345808 -49.015933   69.350778 -49.015861
142111 211253      -      -      1           0    0.292498   0.0382604909605   69.784167 -49.472111   69.787444 -49.470444   69.784944 -49.470444   69.782472 -49.468361
142169 286055      -      -      1           0    0.305285   0.0382249429226   69.355833  -49.57875   69.359167 -49.576278   69.358278 -49.576278   69.360028 -49.573778
142592 224223      -      -      1           0    0.289205   0.0379832820318   68.809139 -49.307056   68.814111 -49.305444   68.809139 -49.305861   68.806694 -49.303806
142789 303535      -      -      1           0     0.60683   0.0378806088088   69.369111 -49.592083   69.372528 -49.590472   69.372528 -49.590861   69.379194 -49.587528
144294 183285      -      -      1           0    0.108366   0.0369048310347   69.126222 -48.892083   69.127944 -48.888778   69.127944 -48.888306   69.126722 -48.888858
151566 303545      -      -      1           0     0.72012   0.0306995533039   69.580389 -48.934611    69.58375 -48.932944   69.580833 -48.934556   69.576639 -48.940417
152102 183284      -      -      1           0    0.104762   0.0304639401226   69.127944 -48.888778   69.130361 -48.887111   69.127944   -48.8875   69.126639 -48.887111
154071 286049      -      -      1           0    0.302385    0.029685224303   69.519111 -49.236278   69.524167 -49.235389   69.523306 -49.236278   69.521667 -49.238778
155202 266992      -      -      1           0    0.241735   0.0291848592169   70.250778    -49.693   70.254194  -49.69125   70.250778   -49.6925   70.247418 -49.692469
155462 202114      -      -      1           0    0.223342    0.029030611792   69.460806 -49.205444   69.465861 -49.204583   69.461694 -49.204583   69.459917 -49.202944
156204 303542      -      -      1           0    0.662863   0.0286013663901   69.797472 -49.258778   69.800778 -49.257083   69.797472 -49.258361   69.791994 -49.263131
156396 266975      -      -      1           0    0.218754   0.0284712647499   68.787528 -49.254611   68.790833 -49.252917   68.789972 -49.252917   68.791639 -49.251278
156447 232619      -      -      1           0    0.520449   0.0284373330617   70.184111 -49.511278   70.187528 -49.509611   70.187528     -49.51     70.1925 -49.513389
156822 266979      -      -      1           0    0.220366   0.0281531477731   69.224139 -49.577139   69.225833 -49.574611   69.224167 -49.576667   69.222341 -49.578256
156891 266957      -      -      1           0    0.153873   0.0280910714916   68.850833 -49.467972     68.8525 -49.465444     68.8525   -49.4675   68.854167 -49.468361
156897 266998      -      -      1           0    0.257318    0.028087343671   69.844167 -49.229611     69.8475 -49.227944     69.8475 -49.228333   69.850806   -49.2275
157066 286045      -      -      1           0    0.299397    0.027960934589   69.024167 -49.026278   69.025806  -49.02375   69.024944  -49.02375   69.026667 -49.021306
157067 267001      -      -      1           0    0.260141   0.0279606295366   69.619139  -49.02625   69.620806  -49.02375   69.619167 -49.025861   69.615833 -49.025028
157203 224294      -      -      1           0    0.368013   0.0278718866347   69.509111 -49.215417   69.510778 -49.212944       69.51 -49.215417   69.512472 -49.218306
157317 228294      -      -      1           0    0.258999   0.0277824468814   69.604111 -49.261278   69.609167 -49.260417   69.604111 -49.260833   69.600778     -49.26
157370 266947      -      -      1           0    0.148453   0.0277385733394   69.435833 -49.022083     69.4375 -49.019611     69.4375 -49.021667   69.439139 -49.020875
157523 207100      -      -      1           0     0.09576   0.0276327263649     69.6075 -49.245444   69.610806 -49.243778   69.608361 -49.243778   69.608333 -49.242917
157559 197025      -      -      1           0    0.139576   0.0276086338542   69.920806 -49.415417   69.924167  -49.41375   69.924167 -49.415056   69.925839  -49.41443
157620 266977      -      -      1           0    0.220143   0.0275615489608   69.847472  -49.23375   69.850806 -49.232139   69.850806 -49.233333   69.852444 -49.231667
157672 266980      -      -      1           0    0.222527   0.0275280104206   69.167472  -49.02625   69.170778 -49.024611   69.167472    -49.025   69.165661 -49.026611
157712 183296      -      -      1           0    0.120881   0.0274985110365   69.735833 -49.267944   69.739139 -49.266278   69.735833 -49.267528   69.734167 -49.267528
157744 286073      -      -      1           0    0.395404   0.0274796663856   68.827444 -49.737917   68.829139 -49.735472   68.828333 -49.735472   68.826667 -49.732083
157874 242955      -      -      1           0     0.09576   0.0273742720057   69.595778 -49.242083   69.599167 -49.240472   69.596639 -49.240472   69.596611 -49.239611
158863 286047      -      -      1           0    0.301833   0.0265532584268   68.840861  -49.38375   68.845833 -49.382944   68.845833 -49.383361   68.849259 -49.384909
159149 190118      -      -      1           0    0.489718   0.0262976009259   69.814139 -49.502056   69.817472 -49.500472   69.817472 -49.500833   69.824139 -49.501639
165146 266972      -      -      1           0    0.206034   0.0204876311177   69.594556 -48.959611   69.596278 -48.957111   69.595833 -48.957111    69.59375 -48.955861
165476 183292      -      -      1           0     0.11965   0.0201695220424   68.863667 -48.966278   68.866194 -48.964611   68.863667    -48.965   68.862028    -48.965
165744 186481      -      -      1           0    0.255888   0.0198755776155   69.365389 -48.998778   69.367056 -48.997083   69.365389 -48.998333   69.362472 -48.999611
167353 183291      -      -      1           0    0.119383   0.0179287454156   69.645778 -49.076278   69.647528 -49.074611   69.645778 -49.075889   69.644139 -49.075889
167396 266993      -      -      1           0     0.24183   0.0178347559866   68.810778 -49.284611   68.812528 -49.282889   68.812444 -49.283361   68.815778 -49.283361
167472 266941      -      -      1           0    0.131737   0.0176902155969   68.862444 -49.328778   68.865861 -49.327917   68.862444 -49.328389    68.86244 -49.329574
167481 245609      -      -      1           0    0.119015   0.0176784304972    69.49575 -49.229639   69.499167 -49.228778   69.499167 -49.229167   69.500806 -49.229167
167503 183282      -      -      1           0    0.098852   0.0176431456341   69.639083  -49.04375   69.640833 -49.042083   69.639972  -49.04375   69.639972 -49.044639
167537 286054      -      -      1           0    0.305248   0.0175843234635   69.490778 -49.237944   69.494167 -49.237083   69.491667 -49.237944   69.490028 -49.240472
167595 212940      -      -      1           0    0.143852   0.0174918518543   69.292472 -49.616306   69.294139 -49.614556   69.293333 -49.614556   69.291852 -49.613689
167602 190117      -      -      1           0     0.13277   0.0174802447572   69.915806 -49.518778     69.9175 -49.517056   69.915833 -49.518417   69.915833 -49.519611
167609 217601      -      -      1           0    0.089646    0.017466251927   69.729139 -49.526278   69.730833 -49.524556   69.730028 -49.524556       69.73  -49.52375
167649 267004      -      -      1           0    0.275051   0.0174053544994    69.46075  -49.20875   69.464167 -49.207889   69.461694 -49.205444   69.461611 -49.207917
167654 183293      -      -      1           0    0.119817   0.0173996799086   69.224111 -49.566278   69.225861 -49.564639   69.224111 -49.565833    69.22245 -49.565835
167663 233546      -      -      1           0    0.215256   0.0173863635842   68.735778 -49.089639   68.737444 -49.087917   68.736667 -49.087917   68.735028 -49.086306
167676 183277      -      -      1           0    0.092648   0.0173627993469   69.590833 -49.004611   69.594139 -49.003722   69.593278 -49.004611   69.593306 -49.005444
167692 266944      -      -      1           0    0.146691   0.0173428910413   68.867472 -49.406306   68.870806 -49.405444   68.870806 -49.405833   68.872472 -49.406585
167706 183287      -      -      1           0     0.11422   0.0173152537435   69.322417 -49.572972   69.325833 -49.572111   69.322417   -49.5725   69.320833   -49.5725
167709 258425      -      -      1           0    0.446166   0.0173118605567   69.302472 -49.613806   69.304139 -49.612083   69.302472 -49.612472   69.297528 -49.610056
167711 223605      -      -      1           0    0.147784    0.017309641176   69.660833 -49.195444   69.664139 -49.194583   69.659592 -49.196109   69.660833 -49.195056
167738 258426      -      -      1           0     0.54978   0.0172659164764     69.2925 -49.622972   69.294194  -49.62125   69.293278  -49.62125   69.293361 -49.616306
167747 286069      -      -      1           0    0.375589   0.0172479508762   68.809139 -49.489611   68.812444  -49.48875   68.812444 -49.489222   68.817472 -49.488361
167779 266982      -      -      1           0    0.223496   0.0171871762224     69.8225 -49.487944   69.825833 -49.487083   69.820554 -49.485993     69.8225 -49.487556
167798 303530      -      -      1           0    0.525939   0.0171372377515   69.622528 -49.017972   69.624167  -49.01625   69.622528 -49.017528   69.615778 -49.019194
167837 232621      -      -      1           0    0.588636   0.0170660445681   70.179139 -49.505444   70.180833 -49.503722   70.184972 -49.509611   70.179944 -49.505444
167844 205962      -      -      1           0    0.089512   0.0170583775974   68.765778 -49.366306   68.767444 -49.364611   68.766667 -49.366306   68.766667 -49.367111
167849 201773      -      -      1           0    0.219929   0.0170535539064   69.550778 -49.222944   69.552472 -49.221278   69.551667 -49.221278   69.549972 -49.219639
167867 266984      -      -      1           0    0.224086   0.0170250064172   69.834167 -49.472944     69.8375 -49.472083   69.833333 -49.470389   69.834944 -49.472111
167884 286076      -      -      1           0    0.456869   0.0169919224395     70.3325 -49.571306   70.334167 -49.569583     70.3325 -49.570861   70.327472 -49.573361
167890 183290      -      -      1           0    0.119083   0.0169813033047   69.875778 -49.201278   69.877528 -49.199611   69.877444 -49.200889   69.879083 -49.200889
167893 183279      -      -      1           0    0.095739   0.0169732666374   69.825833 -49.410472   69.829167 -49.409611   69.826611 -49.409611   69.826611  -49.40875
167895 267005      -      -      1           0    0.277987    0.016967682476   69.220806  -49.49375   69.222472 -49.492083   69.221667 -49.492083   69.221667 -49.489583
167914 286053      -      -      1           0    0.304007   0.0169374130032   69.509167 -49.237111     69.5125 -49.236278   69.511611 -49.237111   69.513306 -49.239611
167982 217602      -      -      1           0    0.151471   0.0168108391701   69.720778 -49.522944   69.724194 -49.522083   69.723333 -49.522083   69.724167 -49.520833
167987 224281      -      -      1           0    0.153852   0.0168011070083   69.857472 -49.478778   69.859167 -49.477111     69.8575 -49.478333   69.855833 -49.479194
167990 266995      -      -      1           0    0.246626   0.0167987510681   69.630861 -49.502972   69.634194 -49.502111   69.630861 -49.502528   69.627446 -49.502481
168027 303550      -      -      1           0    0.755268   0.0167140501117   70.527472 -49.147944   70.529139  -49.14625     70.5275   -49.1475   70.517444 -49.149194
168041 183289      -      -      1           0    0.118976   0.0167016542067   69.437444 -49.215417   69.439111 -49.213778   69.437444 -49.215028   69.435806 -49.215028
168047 266968      -      -      1           0    0.188519   0.0166830181442   69.795833 -49.487111   69.799167 -49.486278   69.796611 -49.486278   69.796667 -49.484583
168057 183294      -      -      1           0    0.120587   0.0166639376229   69.744167  -49.43375   69.745833 -49.432111   69.745833 -49.433361     69.7475 -49.433333
168144 266949      -      -      1           0    0.150355   0.0165192147431   69.865833 -49.371278   69.867444 -49.369556   69.867444 -49.370889   69.868333 -49.372111
168152 303539      -      -      1           0      0.6486   0.0164999660007   69.724111 -49.248778   69.725778 -49.247111   69.724972 -49.248778   69.724972 -49.254611
168159 245610      -      -      1           0    0.176236   0.0164874154241     69.5025 -49.232917   69.505806 -49.232056   69.503278 -49.232056   69.503361 -49.230472
168172 266959      -      -      1           0    0.154593   0.0164636647216   69.044167 -49.065444   69.045806 -49.063778   69.045806 -49.064194   69.047472 -49.063333
168210 266950      -      -      1           0    0.150692   0.0163911150614   69.734111 -49.435417   69.735778 -49.433778   69.734972 -49.433778   69.734167 -49.432528
168213 266945      -      -      1           0    0.146709    0.016382043314   69.759167 -49.452111   69.760833 -49.450444   69.760833 -49.451694    69.76246 -49.450906
168241 266954      -      -      1           0    0.152322    0.016342780221   68.917472 -49.299583   68.919139 -49.297944   68.919111 -49.299194   68.920778  -49.29836
168258 266969      -      -      1           0    0.191575   0.0163124989282   69.649167 -49.123778     69.6525 -49.122972   69.649944 -49.122972   69.650028  -49.12125
168302 237678      -      -      1           0    0.182294   0.0162158938375   69.449139 -49.205444   69.452528 -49.204639       69.45 -49.205444   69.449944 -49.207083
168375 183275      -      -      1           0    0.089623   0.0160820180895   69.174167 -49.597944    69.17575  -49.59625   69.174944  -49.59625   69.174944 -49.595444
168404 266960      -      -      1           0    0.157725   0.0160276012165   69.180833 -49.545389     69.1825 -49.543806   69.181611 -49.543806   69.183344 -49.542942
168817 266961      -      -      1           0    0.158564   0.0153278093887   69.832472 -49.470389   69.834111 -49.468806      69.835   -49.4679   69.833306 -49.468806
169213 266962      -      -      1           0    0.161869   0.0145321250039   68.907861 -48.715417   68.909583 -48.713778   68.909167 -48.715417   68.910457 -48.716598
169387 266971      -      -      1           0    0.206029   0.0141907512082    68.83375  -48.95875   68.836278 -48.957889   68.836278 -48.958361   68.838361 -48.959611
169646 286050      -      -      1           0    0.302771   0.0136827329593   68.847083 -48.829611   68.848722 -48.827944   68.847417 -48.829611   68.845778 -48.832111
176903 183283      -      -      1           0    0.104649  0.00888705783663    68.99375 -48.823778   68.994611 -48.822111   68.994083 -48.823778   68.994748 -48.824611
177149 266994      -      -      1           0    0.245539  0.00792481828038   68.842111 -48.929611   68.842889 -48.927917   68.842889 -48.928361    68.84625 -48.928361
183275 183276 168375     99      2    0.089623    0.089645  6790.54686489809   68.734083 -49.734611   70.564167 -48.655417   69.606694 -49.042889   69.606667 -49.042083
183276 183277  10055 183275      3    0.089645    0.092648  6794.20526455159   68.734083 -49.734611   70.564167 -48.655417   69.593306 -49.005444   69.593278 -49.004611
183277 183278 167676 183276      4    0.092648    0.092759  6794.22262735094   68.734083 -49.734611   70.564167 -48.655417   69.463306 -49.246278   69.463278 -49.245444
183278 183279 104392 183277      5    0.092759    0.095739  6794.29490726658   68.734083 -49.734611   70.564167 -48.655417   69.826611  -49.40875   69.826611 -49.409611
183279 183280 167893 183278      6    0.095739    0.095739  6794.31188053322   68.734083 -49.734611   70.564167 -48.655417   69.613278 -49.021278   69.613278 -49.020417
183280 183281 140414 183279      7    0.095739    0.098352  6794.35096312292   68.734083 -49.734611   70.564167 -48.655417   69.589227 -48.957145   69.590361 -48.956667
183281 183282 122740 183280      8    0.098352    0.098852  6794.40492345167   68.734083 -49.734611   70.564167 -48.655417   69.639972 -49.044639   69.639972  -49.04375
183282 183283 167503 183281      9    0.098852    0.104649   6794.4225665973   68.734083 -49.734611   70.564167 -48.655417   68.994748 -48.824611   68.994083 -48.823778
183283 183284 176903 183282     10    0.104649    0.104762  6794.43145365514   68.734083 -49.734611   70.564167 -48.655417   69.126639 -48.887111   69.127944   -48.8875
183284 183285 152102 183283     11    0.104762    0.108366  6794.46191759526   68.734083 -49.734611   70.564167 -48.655417   69.126722 -48.888858   69.127944 -48.888306
183285 183286 144294 183284     12    0.108366    0.108805   6794.4988224263   68.734083 -49.734611   70.564167 -48.655417   69.627028 -48.975056   69.628333 -48.974583
183286 183287 106946 183285     13    0.108805     0.11422  6794.56820290276   68.734083 -49.734611   70.564167 -48.655417   69.320833   -49.5725   69.322417   -49.5725
183287 183288 167706 183286     14     0.11422    0.118727  6794.58551815651   68.734083 -49.734611   70.564167 -48.655417   68.809139 -49.348361     68.8075 -49.348361
183288 183289   2654 183287     15    0.118727    0.118976  6829.45111709071     68.6475 -49.734611   70.564167 -48.655417   69.435806 -49.215028   69.437444 -49.215028
183289 183290 168041 183288     16    0.118976    0.119083  6829.46781874491     68.6475 -49.734611   70.564167 -48.655417   69.879083 -49.200889   69.877444 -49.200889
183290 183291 167890 183289     17    0.119083    0.119383  6829.48480004822     68.6475 -49.734611   70.564167 -48.655417   69.644139 -49.075889   69.645778 -49.075889
183291 183292 167353 183290     18    0.119383     0.11965  6829.50272879363     68.6475 -49.734611   70.564167 -48.655417   68.862028    -48.965   68.863667    -48.965
183292 183293 165476 183291     19     0.11965    0.119817  6829.52289831567     68.6475 -49.734611   70.564167 -48.655417    69.22245 -49.565835   69.224111 -49.565833
183293 183294 167654 183292     20    0.119817    0.120587  6829.54029799558     68.6475 -49.734611   70.564167 -48.655417     69.7475 -49.433333   69.745833 -49.433361
183294 183295 168057 183293     21    0.120587    0.120607  6829.55696193321     68.6475 -49.734611   70.564167 -48.655417   69.792472 -49.425056   69.794139 -49.425028
183295 183296  73811 183294     22    0.120607    0.120881  6829.68577521713     68.6475 -49.734611   70.564167 -48.655417   69.734167 -49.267528   69.735833 -49.267528
183296 183297 157712 183295     23    0.120881    0.123989  6829.71327372817     68.6475 -49.734611   70.564167 -48.655417   69.570796 -49.124178     69.5725 -49.124194
183297 266940 140163 183296     24    0.123989    0.126725  6829.75249728075     68.6475 -49.734611   70.564167 -48.655417   68.769194    -49.365   68.767444    -49.365
186480 186481 103810    843      2    0.188375    0.255888  213.964555629742   69.197528 -49.118778   69.417944 -48.885417   69.362472 -48.999611   69.365389 -48.998333
186481 286046 165744 186480      3    0.255888    0.300476  213.984431207358   69.197528 -49.118778   69.417944 -48.885417   69.316639 -49.097111   69.318306 -49.099583
190117 190118 167602   2564      2     0.13277    0.489718  36.6322696924572   69.824139 -49.585444   70.007528  -49.49625   69.824139 -49.501639   69.817472 -49.500833
190118 303536 159149 190117      3    0.489718    0.607388  36.6585672933831   69.814139 -49.585444   70.007528  -49.49625   69.814139 -49.501667   69.805833 -49.502528
194506 286064 139826   5943      2    0.150739     0.37013    9.108549065736     69.8775 -49.392889   69.957472 -49.364583   69.926611 -49.392056   69.923333 -49.394611
197025 286070 157559   8540      2    0.139576    0.378384   4.8722211561942   69.920806 -49.422944   69.964167 -49.397889   69.929139    -49.405   69.924972 -49.402944
199445 199446  30085  11360      2    0.185373    0.219774    3.539073645872   69.224139 -49.623778     69.2475 -49.585417   69.223907 -49.589074   69.225806 -49.587528
199446 199447 104631 199445      3    0.219774      0.3609   3.6111256924786   69.220806 -49.623778     69.2475 -49.585417   69.245797 -49.616691   69.250806 -49.616667
199447 286074 139605 199446      4      0.3609    0.440278   3.6507103566313   69.220806 -49.623778   69.255833 -49.585417   69.226667 -49.586278   69.223306 -49.582972
199604 286066 125025  11524      2    0.287619    0.372778   2.9562771553602   69.664083 -49.122972   69.694167 -49.107139   69.664083 -49.119167   69.659111 -49.118361
201406 201407  25130  13902      2    0.263584    0.666517    2.874502177879   69.954111 -49.502944   69.992472  -49.48125     69.9775 -49.504167   69.969111 -49.501667
201407 303546 201406  11415      3    0.666517    0.728854    5.819524524119   69.954111 -49.517111   70.009111  -49.48125   69.955778 -49.500806   69.945778 -49.501694
201771 201772  28950  14449      2    0.095739    0.150043    2.585210814671   69.532444 -49.224639     69.5875 -49.213778   69.541639 -49.214583   69.540861 -49.213333
201772 201773  28683 201771      3    0.150043    0.219929    3.206965109322   69.524139 -49.224639     69.5875 -49.207111   69.549972 -49.219639   69.551667 -49.221278
201773 263807 167849 201772      4    0.219929    0.298847   3.2240186632284   69.524139 -49.224639     69.5875 -49.207111       69.57 -49.215417   69.571611 -49.212944
202114 267002 155462  14950      2    0.223342    0.261563    1.890423884672   69.452472 -49.205444   69.485778 -49.192944     69.4525 -49.200889   69.449167      -49.2
203949 203950 139864  17565      2    0.095739    0.119053   1.4602060452454   69.452472 -49.221278   69.497472 -49.212917     69.4725 -49.213333   69.474139 -49.213333
203950 266976 125276 203949      3    0.119053    0.218797   1.5115763963645   69.452472 -49.221278   69.497472 -49.212083   69.491639 -49.219611   69.493306  -49.22125
205962 266940 167844  20641      2    0.089512    0.126725   1.0976615335574   68.752472 -49.377083   68.779111 -49.363806   68.767444    -49.365   68.769194    -49.365
207100 277704 157523  22553      2     0.09576    0.145813   0.9537477134219   69.602472 -49.245444   69.629111  -49.23875   69.604103 -49.239203   69.602528 -49.238389
210294 258424  94958  28135      2    0.281101    0.367327   0.7252019254615     69.2825 -49.603778   69.294111 -49.589556   69.292472 -49.602528   69.294944 -49.605417
211253 286057 142111  30061      2    0.292498     0.36136   0.6133978941335   69.769083 -49.472111   69.787444 -49.462944   69.769167 -49.463361   69.764167 -49.463333
212940 258424 167595  33264      2    0.143852    0.367327   0.5049961606983     69.2875 -49.616306   69.299167 -49.605417   69.294944 -49.605417   69.292472 -49.602528
217601 217602 167609  42962      2    0.089646    0.151471    0.334767939102   69.724139 -49.526278   69.732472 -49.517917   69.724167 -49.520833   69.723333 -49.522083
217602 286063 167982 217601      3    0.151471    0.368982   0.3515787782721   69.720778 -49.526278   69.732472 -49.517917      69.725 -49.517917   69.721639 -49.515417
223603 223604 139740  57638      2    0.095739    0.121127    0.235256333667   69.634139 -49.215417   69.654111 -49.212083   69.632472 -49.213389   69.634139 -49.213361
223604 223605 223603   2257      3    0.121127    0.147784   44.718617296067   69.505833 -49.215472   69.667528 -49.152889   69.660833 -49.195056   69.659592 -49.196109
223605 263807 167711 223604      4    0.147784    0.298847   44.735926937243   69.505833 -49.215472   69.667528 -49.152889   69.571611 -49.212944       69.57 -49.215417
224223 286043 142592  59319      2    0.289205    0.292866   0.2246240755988   68.799111 -49.307056   68.814111 -49.300417   68.811667 -49.305444   68.814139 -49.303361
224281 224282 167987  59482      2    0.153852    0.219528   0.2025253864093   69.847444 -49.481278   69.859167 -49.477111   69.860861 -49.480028   69.859167 -49.478389
224282 303532 114567 224281      3    0.219528    0.596124   0.2637343739147   69.847444 -49.482139   69.864139 -49.477111   69.864111 -49.480056   69.869194 -49.475833
224294 224295 157203  59514      2    0.368013    0.393463   0.2134301466617   69.509111 -49.219611   69.524167 -49.212944   69.508278 -49.209583   69.509972 -49.212944
224295 263809 126343 224294      3    0.393463    0.572914   0.2636027061238   69.507472 -49.219611   69.524167 -49.206278       69.51 -49.206278   69.508278  -49.20125
228294 303534 157317  70268      2    0.258999    0.604278   0.1679497151964   69.589167 -49.261278   69.609167 -49.259583   69.589944 -49.259583   69.586583 -49.254611
230902 286060 126156  78248      2    0.185373    0.364486   0.1670088068934   70.327472 -49.397944   70.335806  -49.39125   70.333333 -49.397944   70.336639 -49.400417
232102 286044 126257  82299      2    0.147303    0.295722    0.157608593813   69.210806 -49.128778   69.217417 -49.122944   69.214139 -49.128361    69.21167 -49.130474
232619 232620 156447  84049      2    0.520449    0.587346   0.1325257476157   70.184111 -49.515444   70.199194 -49.509611   70.196611 -49.515444   70.201611 -49.519611
232620 232621 125991 232619      3    0.587346    0.588636   0.1830675747347   70.184111 -49.521306   70.204167 -49.509611   70.179944 -49.505444   70.184972 -49.509611
232621 303533 167837 232620      4    0.588636    0.602373   0.2001336193028   70.179139 -49.521306   70.204167 -49.503722   70.199111 -49.520861     70.1925 -49.524167
233546 266996 167663  87378      2    0.215256    0.246786   0.1147117881544   68.730833 -49.089639   68.737444  -49.08375   68.737444 -49.089194   68.740833 -49.089194
237678 237679 168302 103182      2    0.182294    0.277995   0.0896586264548   69.449139 -49.209611   69.454139 -49.204639   69.451611 -49.209611   69.451639 -49.212111
237679 286072  94522 237678      3    0.277995    0.394598   0.1748894476751   69.445806 -49.213778   69.454167 -49.204639   69.451667 -49.204639   69.453278  -49.20125
242955 277704 157874 125813      2     0.09576    0.145813   0.0781154678474   69.595778 -49.242083   69.602528 -49.237944   69.602528 -49.238389   69.604103 -49.239203
245609 245610 167481 138362      2    0.119015    0.176236    0.058361196979    69.49575 -49.230472   69.504139  -49.22875   69.503361 -49.230472   69.503278 -49.232056
245610 245611 168159 245609      3    0.176236    0.215065   0.0748486124031    69.49575 -49.232917   69.505806  -49.22875      69.495  -49.23125   69.496639 -49.229639
245611 267000 245610  69720      4    0.215065    0.259838   0.2166552950891   69.489167 -49.233778   69.505806  -49.22875   69.504139 -49.229139   69.507528 -49.228389
245627 245628 140215 138490      2     0.15068    0.463388   0.0797411174858   69.952417 -49.521306   69.959194 -49.517083   69.953278 -49.512944   69.953361 -49.517111
245628 303529 113507 245627      3    0.463388    0.516605   0.1421576762134   69.947472 -49.521306   69.959194  -49.51125   69.949917  -49.51125   69.946667 -49.507111
245719 286068 142030 138904      2    0.362506    0.375044   0.0784161116647   69.340778 -49.017083   69.354167 -49.013806   69.348306 -49.011222   69.351611 -49.013806
258424 258425 212940 210294      4    0.367327    0.446166   1.2301980861598     69.2825 -49.616306   69.299167 -49.589556   69.297528 -49.610056   69.302472 -49.612472
258425 258426 167709 258424      5    0.446166     0.54978   1.2475099467165     69.2825 -49.616306   69.304139 -49.589556   69.293361 -49.616306   69.293278  -49.62125
258426 258427 167738 258425      6     0.54978    0.558868   1.2647758631929     69.2825 -49.622972   69.304139 -49.589556   69.300833 -49.590833   69.294083 -49.593306
258427 303540  48455 258426      7    0.558868    0.657424   1.5258005394099     69.2825 -49.622972   69.312528  -49.58875   69.309972  -49.58875   69.311694 -49.582944
263807 263808 201773 223605      8    0.298847    0.376861  47.9599456004714   69.505833 -49.224639   69.667528 -49.152889   69.664972  -49.15875   69.664917 -49.162139
263808 263809  95500 263807      9    0.376861    0.572914  48.0433365561857   69.505833 -49.224639   69.667528 -49.152889   69.508278  -49.20125       69.51 -49.206278
263809 303541 224295 263808     12    0.572914    0.660178  48.3069392623095   69.505833 -49.224639   69.667528 -49.152889   69.515028 -49.219611   69.513333 -49.225444
266940 266941 205962 183297     26    0.126725    0.131737  6830.85015881431     68.6475 -49.734611   70.564167 -48.655417    68.86244 -49.329574   68.862444 -49.328389
266941 266942 167472 266940     27    0.131737     0.13365  6830.86784902991     68.6475 -49.734611   70.564167 -48.655417   69.700949   -49.2913   69.700833   -49.2925
266942 266943  47809 266941     28     0.13365    0.145228  6831.13454971839     68.6475 -49.734611   70.564167 -48.655417   69.669556 -49.067726   69.670778 -49.066694
266943 266944 140075 266942     29    0.145228    0.146691  6831.17382561483     68.6475 -49.734611   70.564167 -48.655417   68.872472 -49.406585   68.870806 -49.405833
266944 266945 167692 266943     30    0.146691    0.146709  6831.19116850587     68.6475 -49.734611   70.564167 -48.655417    69.76246 -49.450906   69.760833 -49.451694
266945 266946 168213 266944     31    0.146709    0.147108  6831.20755054919     68.6475 -49.734611   70.564167 -48.655417    68.83291 -49.478583   68.834139 -49.477528
266946 266947 139679 266945     32    0.147108    0.148453  6831.24708997568     68.6475 -49.734611   70.564167 -48.655417   69.439139 -49.020875     69.4375 -49.021667
266947 266948 157370 266946     33    0.148453    0.148601  6831.27482854902     68.6475 -49.734611   70.564167 -48.655417   69.855833 -49.428361   69.854194 -49.429167
266948 266949   3380 266947     34    0.148601    0.150355  6854.71945030012     68.6475 -49.734611   70.564167 -48.655417   69.868333 -49.372111   69.867444 -49.370889
266949 266950 168144 266948     35    0.150355    0.150692  6854.73596951486     68.6475 -49.734611   70.564167 -48.655417   69.734167 -49.432528   69.734972 -49.433778
266950 266951 168210 266949     36    0.150692    0.150739  6854.75236062992     68.6475 -49.734611   70.564167 -48.655417   68.844167 -49.389194   68.843361 -49.390444
266951 266952 139392 266950     37    0.150739    0.151394  6854.79208023891     68.6475 -49.734611   70.564167 -48.655417   69.178278 -49.593778   69.179972 -49.594583
266952 266953 139789 266951     38    0.151394    0.151889  6854.83154504153     68.6475 -49.734611   70.564167 -48.655417   68.845833 -49.472528   68.844167 -49.473361
266953 266954 112451 266952     39    0.151889    0.152322  6854.89495439619     68.6475 -49.734611   70.564167 -48.655417   68.920778  -49.29836   68.919111 -49.299194
266954 266955 168241 266953     40    0.152322    0.152552  6854.91129717641     68.6475 -49.734611   70.564167 -48.655417   69.024944 -49.016278   69.026667 -49.017056
266955 266956  51954 266954     41    0.152552    0.153864  6855.14424259526     68.6475 -49.734611   70.564167 -48.655417   69.910778   -49.4725   69.909111 -49.473361
266956 266957  10609 266955     42    0.153864    0.153873  6858.47535415988     68.6475 -49.734611   70.564167 -48.655417   68.854167 -49.468361     68.8525   -49.4675
266957 266958 156891 266956     43    0.153873    0.153944  6858.50344523137     68.6475 -49.734611   70.564167 -48.655417   68.854972  -49.40125   68.853306 -49.402111
266958 266959 126514 266957     44    0.153944    0.154593  6858.55343519207     68.6475 -49.734611   70.564167 -48.655417   69.047472 -49.063333   69.045806 -49.064194
266959 266960 168172 266958     45    0.154593    0.157725  6858.56989885679     68.6475 -49.734611   70.564167 -48.655417   69.183344 -49.542942   69.181611 -49.543806
266960 266961 168404 266959     46    0.157725    0.158564  6858.58592645801     68.6475 -49.734611   70.564167 -48.655417   69.833306 -49.468806      69.835   -49.4679
266961 266962 168817 266960     47    0.158564    0.161869   6858.6012542674     68.6475 -49.734611   70.564167 -48.655417   68.910457 -48.716598   68.909167 -48.715417
266962 266963 169213 266961     48    0.161869     0.18226   6858.6157863924     68.6475 -49.734611   70.564167 -48.655417   69.799944 -49.642972   69.799972 -49.644611
266963 266964 141160 266962     49     0.18226     0.18226  6858.65449719411     68.6475 -49.734611   70.564167 -48.655417   69.641667 -49.269583   69.641639 -49.267944
266964 266965 114566 266963     50     0.18226    0.185362   6858.7157067889     68.6475 -49.734611   70.564167 -48.655417   69.021667 -49.091278   69.021667 -49.089611
266965 266966 138853 266964     51    0.185362    0.185406  6858.75585869814     68.6475 -49.734611   70.564167 -48.655417       69.81 -49.469583   69.809944  -49.47125
266966 266967  16118 266965     52    0.185406    0.188407  6860.38700109676     68.6475 -49.734611   70.564167 -48.655417   69.890028  -49.71125   69.889972 -49.712944
266967 266968 104887 266966     53    0.188407    0.188519  6860.45879208609     68.6475 -49.734611   70.564167 -48.655417   69.796667 -49.484583   69.796611 -49.486278
266968 266969 168047 266967     54    0.188519    0.191575  6860.47547510424     68.6475 -49.734611   70.564167 -48.655417   69.650028  -49.12125   69.649944 -49.122972
266969 266970 168258 266968     55    0.191575    0.192158  6860.49178760317     68.6475 -49.734611   70.564167 -48.655417   69.574972 -48.943778   69.575806 -48.942139
266970 266971 115126 266969     56    0.192158    0.206029   6860.5523462347     68.6475 -49.734611   70.564167 -48.655417   68.838361 -48.959611   68.836278 -48.958361
266971 266972 169387 266970     57    0.206029    0.206034  6860.56653698591     68.6475 -49.734611   70.564167 -48.655417    69.59375 -48.955861   69.595833 -48.957111
266972 266973 165146 266971     58    0.206034    0.214126  6860.58702461703     68.6475 -49.734611   70.564167 -48.655417   68.760806 -49.690056   68.759111 -49.691639
266973 266974  57823 266972     59    0.214126    0.216333  6860.78169957699     68.6475 -49.734611   70.564167 -48.655417   69.427226 -49.209867   69.429111 -49.208361
266974 266975  60373 266973     60    0.216333    0.218754  6860.96285746477     68.6475 -49.734611   70.564167 -48.655417   68.791639 -49.251278   68.789972 -49.252917
266975 266976 156396 266974     61    0.218754    0.218797  6860.99132872952     68.6475 -49.734611   70.564167 -48.655417   69.493306  -49.22125   69.491639 -49.219611
266976 266977 203950 266975     64    0.218797    0.220143  6862.50290512589     68.6475 -49.734611   70.564167 -48.655417   69.852444 -49.231667   69.850806 -49.233333
266977 266978 157620 266976     65    0.220143    0.220339  6862.53046667485     68.6475 -49.734611   70.564167 -48.655417   69.411667 -49.185417   69.413306  -49.18375
266978 266979  96064 266977     66    0.220339    0.220366  6862.61307755966     68.6475 -49.734611   70.564167 -48.655417   69.222341 -49.578256   69.224167 -49.576667
266979 266980 156822 266978     67    0.220366    0.222527  6862.64123070743     68.6475 -49.734611   70.564167 -48.655417   69.165661 -49.026611   69.167472    -49.025
266980 266981 157672 266979     68    0.222527    0.222769  6862.66875871785     68.6475 -49.734611   70.564167 -48.655417   69.572444 -49.035861   69.574139 -49.037528
266981 266982  95514 266980     69    0.222769    0.223496  6862.75212573464     68.6475 -49.734611   70.564167 -48.655417     69.8225 -49.487556   69.820554 -49.485993
266982 266983 167779 266981     70    0.223496    0.223976  6862.76931291087     68.6475 -49.734611   70.564167 -48.655417   69.549139 -49.245861   69.550806 -49.247556
266983 266984   9912 266982     71    0.223976    0.224086  6866.52210187422     68.6475 -49.734611   70.564167 -48.655417   69.834944 -49.472111   69.833333 -49.470389
266984 266985 167867 266983     72    0.224086    0.225447  6866.53912688063     68.6475 -49.734611   70.564167 -48.655417   70.189111 -49.144167   70.186639 -49.142944
266985 266986 139958 266984     73    0.225447     0.22758  6866.57847865405     68.6475 -49.734611   70.564167 -48.655417   69.474944  -49.26125   69.476639 -49.262972
266986 266987  21595 266985     74     0.22758    0.232705   6867.5741125846     68.6475 -49.734611   70.564167 -48.655417   70.337492 -49.385002   70.334944 -49.386278
266987 266988 113080 266986     75    0.232705    0.235998  6867.63695479729     68.6475 -49.734611   70.564167 -48.655417   69.439139 -49.139222   69.439944 -49.141278
266988 266989  82351 266987     76    0.235998    0.236549  6867.74419932454     68.6475 -49.734611   70.564167 -48.655417     69.4625 -49.020028   69.463333 -49.017972
266989 266990   7877 266988     77    0.236549    0.239653  6873.29170140543     68.6475 -49.734611   70.564167 -48.655417     68.8375 -49.313389   68.834194 -49.313389
266990 266991  82343 266989     78    0.239653    0.239924  6873.39896007562     68.6475 -49.734611   70.564167 -48.655417   69.595833 -49.246694   69.592528 -49.246667
266991 266992 127117 266990     79    0.239924    0.241735   6873.4482648384     68.6475 -49.734611   70.564167 -48.655417   70.247418 -49.692469   70.250778   -49.6925
266992 266993 155202 266991     80    0.241735     0.24183  6873.47744969762     68.6475 -49.734611   70.564167 -48.655417   68.815778 -49.283361   68.812444 -49.283361
266993 266994 167396 266992     81     0.24183    0.245539  6873.49528445361     68.6475 -49.734611   70.564167 -48.655417    68.84625 -48.928361   68.842889 -48.928361
266994 266995 177149 266993     82    0.245539    0.246626  6873.50320927189     68.6475 -49.734611   70.564167 -48.655417   69.627446 -49.502481   69.630861 -49.502528
266995 266996 167990 266994     83    0.246626    0.246786  6873.52000802295     68.6475 -49.734611   70.564167 -48.655417   68.740833 -49.089194   68.737444 -49.089194
266996 266997 233546 266995     85    0.246786    0.256328  6873.63471981111     68.6475 -49.734611   70.564167 -48.655417   69.164167 -49.602472     69.1675 -49.601667
266997 266998 106217 266996     86    0.256328    0.257318  6873.70505771589     68.6475 -49.734611   70.564167 -48.655417   69.850806   -49.2275     69.8475 -49.228333
266998 266999 156897 266997     87    0.257318    0.257761  6873.73314505956     68.6475 -49.734611   70.564167 -48.655417   69.710806     -49.53   69.714139 -49.530833
266999 267000   9203 266998     88    0.257761    0.259838   6877.9714924556     68.6475 -49.734611   70.564167 -48.655417   69.507528 -49.228389   69.504139 -49.229139
267000 267001 245611 266999     92    0.259838    0.260141  6878.18814775069     68.6475 -49.734611   70.564167 -48.655417   69.615833 -49.025028   69.619167 -49.025861
267001 267002 157067 267000     93    0.260141    0.261563  6878.21610838023     68.6475 -49.734611   70.564167 -48.655417   69.449167      -49.2     69.4525 -49.200889
267002 267003 202114 267001     95    0.261563    0.261918   6880.1065322649     68.6475 -49.734611   70.564167 -48.655417      69.135  -48.83125   69.132472 -48.829583
267003 267004 101542 267002     96    0.261918    0.275051  6880.18194046758     68.6475 -49.734611   70.564167 -48.655417   69.461611 -49.207917   69.461694 -49.205444
267004 267005 167649 267003     97    0.275051    0.277987  6880.19934582208     68.6475 -49.734611   70.564167 -48.655417   69.221667 -49.489583   69.221667 -49.492083
267005 286043 167895 267004     98    0.277987    0.292866  6880.21631350456     68.6475 -49.734611   70.564167 -48.655417   68.814139 -49.303361   68.811667 -49.305444
277704 286067 242955 207100      4    0.145813    0.373747   1.0318631812693   69.595778 -49.245444   69.629111 -49.237944   69.596639 -49.242083   69.596694 -49.245444
286043 286044 224223 267005    100    0.292866    0.295722  6880.44093758016     68.6475 -49.734611   70.564167 -48.655417    69.21167 -49.130474   69.214139 -49.128361
286044 286045 232102 286043    102    0.295722    0.299397  6880.59854617397     68.6475 -49.734611   70.564167 -48.655417   69.026667 -49.021306   69.024944  -49.02375
286045 286046 157066 286044    103    0.299397    0.300476  6880.62650710856     68.6475 -49.734611   70.564167 -48.655417   69.318306 -49.099583   69.316639 -49.097111
286046 286047 186481 286045    106    0.300476    0.301833  7094.61093831592     68.6475 -49.734611   70.564167 -48.655417   68.849259 -49.384909   68.845833 -49.383361
286047 286048 158863 286046    107    0.301833    0.302148  7094.63749157434     68.6475 -49.734611   70.564167 -48.655417   69.907528 -49.486694   69.910833  -49.48836
286048 286049  11555 286047    108    0.302148    0.302385  7097.52781902821     68.6475 -49.734611   70.564167 -48.655417   69.521667 -49.238778   69.523306 -49.236278
286049 286050 154071 286048    109    0.302385    0.302771  7097.55750425252     68.6475 -49.734611   70.564167 -48.655417   68.845778 -48.832111   68.847417 -48.829611
286050 286051 169646 286049    110    0.302771    0.302892  7097.57118698547     68.6475 -49.734611   70.564167 -48.655417   69.084972 -49.542083   69.086639 -49.544583
286051 286052  50674 286050    111    0.302892    0.302976  7097.81352930062     68.6475 -49.734611   70.564167 -48.655417   69.391694 -49.185417   69.389944 -49.182944
286052 286053 125620 286051    112    0.302976    0.304007  7097.86448017837     68.6475 -49.734611   70.564167 -48.655417   69.513306 -49.239611   69.511611 -49.237111
286053 286054 167914 286052    113    0.304007    0.305248  7097.88141759137     68.6475 -49.734611   70.564167 -48.655417   69.490028 -49.240472   69.491667 -49.237944
286054 286055 167537 286053    114    0.305248    0.305285  7097.89900191484     68.6475 -49.734611   70.564167 -48.655417   69.360028 -49.573778   69.358278 -49.576278
286055 286056 142169 286054    115    0.305285    0.359853  7097.93722685776     68.6475 -49.734611   70.564167 -48.655417   68.749111 -49.667528   68.744111   -49.6675
286056 286057  57770 286055    116    0.359853     0.36136  7098.13219576804     68.6475 -49.734611   70.564167 -48.655417   69.764167 -49.463333   69.769167 -49.463361
286057 286058 211253 286056    118     0.36136    0.362348  7098.74559366217     68.6475 -49.734611   70.564167 -48.655417   69.899111 -49.410056   69.902472 -49.412472
286058 286059 125504 286057    119    0.362348    0.363897  7098.79669529636     68.6475 -49.734611   70.564167 -48.655417   69.468306 -49.231306   69.471639  -49.23375
286059 286060  45620 286058    120    0.363897    0.364486  7099.08490849582     68.6475 -49.734611   70.564167 -48.655417   70.336639 -49.400417   70.333333 -49.397944
286060 286061 230902 286059    122    0.364486    0.367478  7099.25191730271     68.6475 -49.734611   70.564167 -48.655417   69.417472 -49.183306   69.422528 -49.183306
286061 286062  64639 286060    123    0.367478    0.367652  7099.41307897602     68.6475 -49.734611   70.564167 -48.655417   69.356694 -48.932889   69.353306 -48.930444
286062 286063 109271 286061    124    0.367652    0.368982  7099.47932835511     68.6475 -49.734611   70.564167 -48.655417   69.721639 -49.515417      69.725 -49.517917
286063 286064 217602 286062    127    0.368982     0.37013  7099.83090713338     68.6475 -49.734611   70.564167 -48.655417   69.923333 -49.394611   69.926611 -49.392056
286064 286065 194506 286063    129     0.37013    0.371155  7108.93945619912     68.6475 -49.734611   70.564167 -48.655417   69.759972 -49.532083   69.757472    -49.535
286065 286066  17860 286064    130    0.371155    0.372778  7110.32002301911     68.6475 -49.734611   70.564167 -48.655417   69.659111 -49.118361   69.664083 -49.119167
286066 286067 199604 286065    132    0.372778    0.373747  7113.27630017447     68.6475 -49.734611   70.564167 -48.655417   69.596694 -49.245444   69.596639 -49.242083
286067 286068 277704 286066    136    0.373747    0.375044  7114.30816335574     68.6475 -49.734611   70.564167 -48.655417   69.351611 -49.013806   69.348306 -49.011222
286068 286069 245719 286067    138    0.375044    0.375589   7114.3865794674     68.6475 -49.734611   70.564167 -48.655417   68.817472 -49.488361   68.812444 -49.489222
286069 286070 167747 286068    139    0.375589    0.378384  7114.40382741828     68.6475 -49.734611   70.564167 -48.655417   69.924972 -49.402944   69.929139    -49.405
286070 286071 197025 286069    141    0.378384    0.381035  7119.27604857447     68.6475 -49.734611   70.564167 -48.655417   69.447444 -49.174194   69.452528 -49.175028
286071 286072  10302 286070    142    0.381035    0.394598  7122.77957721051     68.6475 -49.734611   70.564167 -48.655417   69.453278  -49.20125   69.451667 -49.204639
286072 286073 237679 286071    145    0.394598    0.395404  7122.95446665819     68.6475 -49.734611   70.564167 -48.655417   68.826667 -49.732083   68.828333 -49.735472
286073 286074 157744 286072    146    0.395404    0.440278  7122.98194632457     68.6475 -49.737917   70.564167 -48.655417   69.223306 -49.582972   69.226667 -49.586278
286074 286075 199447 286073    150    0.440278    0.445656   7126.6326566812     68.6475 -49.737917   70.564167 -48.655417   69.798306 -49.487083   69.801667 -49.490444
286075 286076 126069 286074    151    0.445656    0.456869  7126.68311783171     68.6475 -49.737917   70.564167 -48.655417   70.327472 -49.573361     70.3325 -49.570861
286076 303523 167884 286075    152    0.456869    0.469469  7126.70010975414     68.6475 -49.737917   70.564167 -48.655417   69.688306 -49.107139   69.688333 -49.102917
303523 303524  82962 286076    153    0.469469    0.479185  7126.80618956134     68.6475 -49.737917   70.564167 -48.655417   69.948306 -49.422917   69.946611 -49.427083
303524 303525  13512 303523    154    0.479185    0.499518  7129.01148830303     68.6475 -49.737917   70.564167 -48.655417   68.809111 -48.960417   68.811667  -48.95625
303525 303526  86769 303524    155    0.499518    0.506692  7129.10981372537     68.6475 -49.737917   70.564167 -48.655417       70.26 -49.534583   70.264111 -49.530889
303526 303527  17940 303525    156    0.506692    0.511899  7130.48103982811     68.6475 -49.737917   70.564167 -48.655417   69.957472 -49.404139   69.964083   -49.4025
303527 303528 113456 303526    157    0.511899     0.51294  7130.54350429368     68.6475 -49.737917   70.564167 -48.655417   69.964167 -49.410889   69.970778 -49.412556
303528 303529  18288 303527    158     0.51294    0.516605  7131.87304105163     68.6475 -49.737917   70.564167 -48.655417   69.946667 -49.507111   69.949917  -49.51125
303529 303530 245628 303528    161    0.516605    0.525939  7132.01519872785     68.6475 -49.737917   70.564167 -48.655417   69.615778 -49.019194   69.622528 -49.017528
303530 303531 167798 303529    162    0.525939    0.526689   7132.0323359656     68.6475 -49.737917   70.564167 -48.655417   69.654167 -49.264222   69.649139 -49.260806
303531 303532 141462 303530    163    0.526689    0.596124  7132.07091006243     68.6475 -49.737917   70.564167 -48.655417   69.869194 -49.475833   69.864111 -49.480056
303532 303533 224282 303531    166    0.596124    0.602373  7132.33464443634     68.6475 -49.737917   70.564167 -48.655417     70.1925 -49.524167   70.199111 -49.520861
303533 303534 232621 303532    170    0.602373    0.604278  7132.53477805565     68.6475 -49.737917   70.564167 -48.655417   69.586583 -49.254611   69.589944 -49.259583
303534 303535 228294 303533    172    0.604278     0.60683  7132.70272777084     68.6475 -49.737917   70.564167 -48.655417   69.379194 -49.587528   69.372528 -49.590861
303535 303536 142789 303534    173     0.60683    0.607388  7132.74060837965     68.6475 -49.737917   70.564167 -48.655417   69.805833 -49.502528   69.814139 -49.501667
303536 303537 190118 303535    176    0.607388    0.607924  7169.39917567304     68.6475 -49.737917   70.564167 -48.655417   69.367056 -48.998333   69.375389 -48.998361
303537 303538 100488 303536    177    0.607924    0.629108  7169.47618540598     68.6475 -49.737917   70.564167 -48.655417   69.417472 -49.625833   69.409139 -49.627528
303538 303539  64601 303537    178    0.629108      0.6486   7169.6375623857     68.6475 -49.737917   70.564167 -48.655417   69.724972 -49.254611   69.724972 -49.248778
303539 303540 168152 303538    179      0.6486    0.657424   7169.6540623517     68.6475 -49.737917   70.564167 -48.655417   69.311694 -49.582944   69.309972  -49.58875
303540 303541 258427 303539    186    0.657424    0.660178  7171.17986289111     68.6475 -49.737917   70.564167 -48.655417   69.513333 -49.225444   69.515028 -49.219611
303541 303542 263809 303540    198    0.660178    0.662863  7219.48680215342     68.6475 -49.737917   70.564167 -48.655417   69.791994 -49.263131   69.797472 -49.258361
303542 303543 156204 303541    199    0.662863    0.674055  7219.51540351981     68.6475 -49.737917   70.564167 -48.655417   69.944944 -49.567111   69.949139 -49.561694
303543 303544 141288 303542    200    0.674055    0.707917  7219.55405393459     68.6475 -49.737917   70.564167 -48.655417   69.670833 -49.070028   69.679139 -49.073333
303544 303545 140047 303543    201    0.707917     0.72012  7219.59334962907     68.6475 -49.737917   70.564167 -48.655417   69.576639 -48.940417   69.580833 -48.934556
303545 303546 151566 303544    202     0.72012    0.728854  7219.62404918237     68.6475 -49.737917   70.564167 -48.655417   69.945778 -49.501694   69.955778 -49.500806
303546 303547 201407 303545    205    0.728854    0.731022  7225.44357370649     68.6475 -49.737917   70.564167 -48.655417   70.333361 -49.569583   70.339167 -49.564194
303547 303548 126557 303546    206    0.731022     0.75042   7225.4935202159     68.6475 -49.737917   70.564167 -48.655417   70.394972 -49.364611   70.390861 -49.370806
303548 303549  61205 303547    207     0.75042    0.750463  7225.67021623549     68.6475 -49.737917   70.564167 -48.655417   69.702472 -49.100056   69.692472 -49.101694
303549 303550 102879 303548    208    0.750463    0.755268  7225.74397178571     68.6475 -49.737917   70.564167 -48.655417   70.517444 -49.149194     70.5275   -49.1475
303550 303551 168027 303549    209    0.755268    0.776144  7225.76068583582     68.6475 -49.737917   70.564167 -48.655417   69.863361 -49.711278   69.860028 -49.717917
