   144 183668      -      -      1           0    0.092643     3618.38719858   -38.02425 -54.887139  -35.785861  -53.96875  -37.366667 -54.279611  -37.366639 -54.280444
   353 184835      -      -      1           0    0.283872     767.328972829   -25.85625  37.703722  -25.135417  37.909583  -25.446667  37.708722  -25.445861   37.70625
   502 241365      -      -      1           0    0.508244     456.229872861  -28.545444  38.382056  -28.030417  38.562056  -28.545028  38.537056  -28.540472  38.534194
   552 185556      -      -      1           0    0.069907     409.902154335  -27.381278  38.637889  -27.042111  38.803722  -27.077111      38.65  -27.076306      38.65
   758 186245      -      -      1           0    0.121593      255.06725088  -28.320444  38.533722  -27.756306  38.756278  -27.757556  38.550417  -27.756694  38.551278
   953 282177      -      -      1           0     4.83744     178.467965566  -28.837083  38.515389  -28.600417  38.645417  -28.604611  38.545806  -28.550472  38.535833
  1102 187246      -      -      1           0    0.062044     144.392621475  -31.267111   39.37125  -31.122111  39.524639  -31.147806  39.488306  -31.147083  39.488306
  1309 187731      -      -      1           0    0.683163     111.308443396  -26.460833 -58.490472  -26.234194 -58.375417  -26.449222 -58.404167  -26.460833 -58.405028
  1397 187900      -      -      1           0    0.145576     100.695479954  -25.187111  36.927056  -25.014583  37.017917  -25.047083  36.986639  -25.045444  36.986639
  1854 224931      -      -      1           0    0.625639     63.3865814598  -28.075417  39.007861  -27.950444  39.097917  -27.951278  39.014139  -27.945444  39.010806
  2209 256540      -      -      1           0    1.386053     46.4303013965  -26.670861 -59.079611  -26.512556 -59.002944  -26.670806 -59.038361  -26.694139 -59.041722
  2426 189888      -      -      1           0    0.139928     39.7204930347  -26.517528 -57.820444  -26.354139  -57.74625  -26.363361 -57.795417  -26.365083 -57.794556
  2678 296060      -      -      1           0   43.611428     34.3201450724  -27.210889 -56.732944  -27.075861 -56.677917  -27.076694 -56.716222  -26.721639 -57.057111
  3556 191903      -      -      1           0       1.279     21.7164462056  -27.264139 -59.487167  -27.139194 -59.446222  -27.282556 -59.482556  -27.264139 -59.475861
  3599 305269      -      -      1           0   45.886727     21.1271028109  -27.614222 -56.328778  -27.522528 -56.270444  -27.555056 -56.326278  -27.186722 -56.685417
  3782 191902      -      -      1           0    0.664821     19.4842439369   -27.42925 -59.485444    -27.3025 -59.432083  -27.302528 -59.483361  -27.290861 -59.484167
  4022 192246      -      -      1           0    0.122203     17.6369018808  -31.126278  39.667944  -31.079528  39.725472  -31.116694  39.723861  -31.115806  39.724722
  4154 192458      -      -      1           0    0.914416     16.7009848375  -37.120889 -54.514611    -37.0175 -54.467083  -37.120028 -54.486278  -37.130056 -54.492083
  4750 271945      -      -      1           0    3.345855     13.3896959744  -26.725861 -57.097111  -26.645806 -57.055417  -26.718361 -57.073806  -26.753389 -57.097111
  7608 196174      -      -      1           0    0.207795     5.90756000759  -38.085889 -54.018778     -38.006 -53.993056  -38.021778   -53.9955  -38.020167 -53.993889
  8046 296131      -      -      1           0   18.395695     5.33329977381  -79.888861  -26.35725  -79.850528 -26.338861  -79.888861 -26.352639  -80.067944 -26.312528
  8127 250980      -      -      1           0    0.095755     5.25139062531  -38.244222 -54.014667  -38.185833 -53.994667  -38.230056 -53.998861  -38.230083    -53.998
  8192 287841      -      -      1           0    0.918716      5.1903381021  -35.807556 -54.821278  -35.765861 -54.793806   -35.80675 -54.797972  -35.815083  -54.79125
  9299 197727      -      -      1           0    0.182248      4.1726663364  -26.797611 -57.111278  -26.752556 -57.087917  -26.766722 -57.111278  -26.766722 -57.112917
 11230 199321      -      -      1           0    0.651737     3.03215561255  -80.102111 -26.299583  -80.071306 -26.283778  -80.073389 -26.299583  -80.073333 -26.305444
 13579 201177      -      -      1           0    1.462339     2.18665934365  -80.099722   -26.2625  -80.073611 -26.251389  -80.099722 -26.261389  -80.106667 -26.272972
 16750 272732      -      -      1           0    2.398142     1.53124032132  -27.105889  -59.44375  -27.080889 -59.427111  -27.105889 -59.440833  -27.139194 -59.454194
 17247 254377      -      -      1           0    0.684873       1.462717436  -37.344222 -54.028806  -37.315833 -54.012917  -37.323417 -54.016278  -37.320056 -54.010444
 20944 206131      -      -      1           0     0.06676     1.05102340536  -38.179333 -54.002917  -38.154222    -53.993  -38.155889 -53.997611  -38.155111    -53.998
 23130 267361      -      -      1           0      0.2154    0.890271844948  -37.765889 -54.138806  -37.734167 -54.132917  -37.730861 -54.134167  -37.734167 -54.134194
 24432 208165      -      -      1           0    0.279435    0.813749718096  -37.264194 -54.027944  -37.245889 -54.014583  -37.253389 -54.014583  -37.250861 -54.012556
 27614 183679      -      -      1           0    0.137308    0.660125737188   -35.99925 -54.503806  -35.979139 -54.497056   -35.99925      -54.5  -36.000861 -54.499194
 32213 212372      -      -      1           0    0.283593    0.513800090339  -36.769222 -54.631278  -36.757528 -54.622944  -36.759167 -54.624167  -36.755833   -54.6225
 35116 199321      -      -      1           0    0.651737    0.446344630251  -80.074667  -26.31375  -80.067944 -26.305444  -80.073333 -26.305444  -80.073389 -26.299583
 35827 267366      -      -      1           0    0.271895    0.432491811152   -36.66925 -54.157972  -36.657472 -54.151278  -36.666667 -54.157972  -36.666722 -54.160417
 37769 308190      -      -      1           0   51.157205    0.395162809968  -28.147556 -56.672972  -28.135806 -56.665417  -28.135806     -56.67   -27.57675  -56.32875
 38612 215607      -      -      1           0    0.715494    0.381397342658  -37.265889 -54.038778  -37.242583 -54.034611  -37.265833 -54.037528  -37.274222 -54.033389
 40481 208165      -      -      1           0    0.279435     0.35099957183  -37.250861 -54.016278  -37.235833  -54.01125  -37.250861 -54.012556  -37.253389 -54.014583
 41861 183671      -      -      1           0    0.095806    0.331519732525  -36.102583 -54.892139    -36.0875 -54.887917  -36.093361 -54.887972  -36.093417 -54.887111
 47432 219615      -      -      1           0     0.20871    0.270069753559  -37.310889 -54.014667  -37.300889 -54.009583  -37.310889 -54.011694  -37.312999 -54.010285
 47538 221252      -      -      1           0    1.018277     0.26920087474   -26.74425 -59.049611    -26.7325  -59.04375    -26.7325   -59.0475  -26.715917 -59.044167
 48811 208166      -      -      1           0     0.55626    0.257757308653  -37.237583 -54.028778  -37.227528  -54.02375    -37.2375 -54.025889  -37.245889 -54.025028
 49836 220597      -      -      1           0    2.078424    0.249043421913  -24.785444  37.264556  -24.782083   37.27375  -24.782083  37.266639  -24.762944  37.255806
 49891 263121      -      -      1           0    0.870818    0.248462284928   -27.96125  39.052889  -27.955389  39.060389   -27.96125  39.056639  -27.971278  39.055806
 50947 187731      -      -      1           0    0.683163    0.240427902632   -26.46925 -58.405444  -26.460833 -58.398778  -26.460833 -58.405028  -26.449222 -58.404167
 51270 221183      -      -      1           0    0.077221    0.237752516506  -27.148722  38.627889  -27.142083  38.634528  -27.147917  38.631611  -27.148806  38.631611
 51435 221251      -      -      1           0    0.284406    0.236626973322  -26.715917 -59.044639    -26.7075 -59.039611  -26.707528 -59.040889  -26.702556 -59.040889
 51934 221460      -      -      1           0    0.210474    0.233090740293  -38.149222 -54.004611  -38.140944 -53.998028  -38.142528 -54.002528  -38.140917 -54.004167
 53030 221183      -      -      1           0    0.077221    0.225146876348  -27.154639  38.627889  -27.148806  38.633722  -27.148806  38.631611  -27.147917  38.631611
 54216 215607      -      -      1           0    0.715494      0.2173582006  -37.287528 -54.034639  -37.274167  -54.03125  -37.274222 -54.033389  -37.265833 -54.037528
 54763 184835      -      -      1           0    0.283872     0.21386894382  -25.446306   37.70125  -25.439611   37.70625  -25.445861   37.70625  -25.446667  37.708722
 57366 267364      -      -      1           0    0.231272     0.19750779955  -36.920861 -54.371333  -36.909167 -54.367944  -36.909167 -54.369167  -36.905917 -54.370028
 57387 287839      -      -      1           0     0.78167    0.197333742825  -37.335861 -54.042111  -37.325833 -54.038778  -37.334972 -54.042111  -37.341722 -54.047917
 57451 267362      -      -      1           0    0.216364     0.19694201422  -36.300889 -54.258778  -36.294167 -54.254611       -36.3 -54.258778  -36.301639 -54.260472
 57508 223549      -      -      1           0    0.141158    0.196559071363  -37.317556 -54.007111    -37.3075 -54.002917  -37.308972  -54.00432  -37.307556 -54.003361
 58171 197727      -      -      1           0    0.182248    0.192859852713  -26.772472 -57.117944  -26.764167 -57.112917  -26.766722 -57.112917  -26.766722 -57.111278
 59538 186246      -      -      1           0    0.140127    0.185407441556  -27.752972  38.548722  -27.747083  38.552917  -27.754583  38.551611  -27.752972  38.551639
 59775 267360      -      -      1           0    0.210399     0.18408446872    -36.3075 -54.752972  -36.299194 -54.747083  -36.300861 -54.748333  -36.297583 -54.748361
 59845 267358      -      -      1           0    0.191597    0.183678741133    -37.0875 -54.332139  -37.077472 -54.328778  -37.080056 -54.328806  -37.080028 -54.327083
 60858 183677      -      -      1           0    0.111792    0.178532946924   -37.89925 -54.057139  -37.890833 -54.052944  -37.889139 -54.055861  -37.890852 -54.055854
 61125 224930      -      -      1           0    0.113741    0.177086490985  -27.945444  39.006194  -27.938806  39.011222  -27.943984  39.011012  -27.942944  39.011639
 61889 267365      -      -      1           0    0.240606    0.173587477102  -36.315806 -54.726306  -36.309222  -54.72125  -36.309222 -54.725056  -36.305806 -54.724167
 65844 221251      -      -      1           0    0.284406    0.156469384087  -26.702556 -59.043778  -26.694139 -59.040417  -26.702556 -59.040889  -26.707528 -59.040889
 66410 187901      -      -      1           0    0.150664    0.153908980492  -25.174583  36.940417  -25.171222  36.945417  -25.171278  36.945028  -25.169583     36.945
 66490 212372      -      -      1           0    0.283593    0.153525003933  -36.755833 -54.623778    -36.7475 -54.620444  -36.755833   -54.6225  -36.759167 -54.624167
 67013 191902      -      -      1           0    0.664821    0.151552474041  -27.290861 -59.485444  -27.282556 -59.481278  -27.290861 -59.484167  -27.302528 -59.483361
 67037 189888      -      -      1           0    0.139928    0.151444829391  -26.370889 -57.794583  -26.364167 -57.790417  -26.365083 -57.794556  -26.363361 -57.795417
 67840 267352      -      -      1           0    0.142971    0.148657648004   -37.91925 -53.991306  -37.910833 -53.987917  -37.916722 -53.991306  -37.915056 -53.992139
 68710 219615      -      -      1           0     0.20871    0.145650686255  -37.320889 -54.010472  -37.310889 -54.007972  -37.312999 -54.010285  -37.310889 -54.011694
 68825 287837      -      -      1           0    0.648395    0.145206525269  -36.330861 -54.249611  -36.325861 -54.245444  -36.330028 -54.249611  -36.335083 -54.254639
 68959 267372      -      -      1           0    0.437774    0.144666270604  -36.320889 -54.752972  -36.314167  -54.74875    -36.3075 -54.749167  -36.314167     -54.75
 71323 228652      -      -      1           0    0.109077    0.136528056689  -37.494194 -53.969611    -37.4875 -53.965444  -37.491694 -53.969583  -37.493361 -53.969611
 71464 267357      -      -      1           0    0.180067    0.136032049998  -37.730861 -54.135444  -37.720806 -54.132944  -37.720806 -54.135028  -37.720753 -54.136647
 71546 183681      -      -      1           0    0.141219    0.135660475694  -37.875833 -54.056278  -37.867528  -54.05375  -37.867556 -54.054194  -37.867597 -54.052924
 72521 287845      -      -      1           0    1.418727    0.132624489194  -36.117528 -54.906278  -36.110861 -54.902917  -36.113389 -54.902944  -36.101667 -54.892111
 74223 183678      -      -      1           0    0.135612    0.127474356403  -37.624222 -54.182944  -37.615861 -54.180417  -37.620083 -54.180417  -37.618521 -54.179609
 74427 229617      -      -      1           0    0.095892    0.126820575228  -37.932528 -54.047111  -37.920833 -54.044639  -37.923306 -54.047111  -37.923389 -54.047972
 74699 212373      -      -      1           0    0.604296    0.125999729323  -36.739222 -54.619639  -36.732528  -54.61625  -36.747556 -54.620861  -36.739222 -54.618361
 77898 282721      -      -      1           0    0.293556    0.117507546364  -38.239278 -53.995528  -38.232583 -53.992139  -38.233444 -53.994694   -38.23175 -53.997139
 77972 221460      -      -      1           0    0.210474    0.117282341129  -38.142556 -54.007944    -38.1375 -54.003778  -38.140917 -54.004167  -38.142528 -54.002528
 78886 231107      -      -      1           0    2.250304    0.115279691829  -36.942528 -54.468778  -36.935861  -54.46625  -36.942528 -54.468333  -36.975861 -54.474194
 79635 267367      -      -      1           0     0.28281    0.113693484301  -35.850861 -54.742944   -35.84425 -54.740444  -35.850028 -54.740444  -35.852556 -54.738361
 82084 267373      -      -      1           0    0.457122    0.107723539139  -36.855861 -54.077167  -36.849167  -54.07375      -36.85 -54.077111      -36.85 -54.081222
 82763 267359      -      -      1           0    0.206272    0.106422687627  -37.225917 -54.255444  -37.219139 -54.252083  -37.219139 -54.253361   -37.21675 -54.252139
 83013 267369      -      -      1           0    0.356338     0.10598899367  -36.782556 -54.103806  -36.777556 -54.099611  -36.779194 -54.103389     -36.775 -54.105444
 83306 287840      -      -      1           0    0.860463    0.105466280986  -37.434222 -54.266278  -37.427472  -54.26375  -37.427472 -54.265861  -37.414222 -54.265861
 87945 196174      -      -      1           0    0.207795   0.0964276632445  -38.027639 -53.993889  -38.019306 -53.992194  -38.020167 -53.993889  -38.021778   -53.9955
 88050 231107      -      -      1           0    2.250304   0.0962515844709  -36.982583 -54.476278  -36.975806 -54.472889  -36.975861 -54.474194  -36.942528 -54.468333
 88090 256550      -      -      1           0    0.321102   0.0961757158789  -38.162556 -54.005444    -38.1575 -54.002083  -38.161944 -53.999417  -38.160056 -54.002083
 89224 287846      -      -      1           0    1.486259   0.0940701023497  -36.112556 -54.922111  -36.105861 -54.919583  -36.113333  -54.90625  -36.111694 -54.919583
 92722 187250      -      -      1           0    0.119445   0.0884390382241  -31.242111  39.505444  -31.237056  39.507972  -31.237444  39.506306  -31.236194  39.505833
 93770 183672      -      -      1           0    0.095807   0.0866997761505  -36.680917 -54.482972  -36.674139 -54.480444     -36.675 -54.480444  -36.675056 -54.479583
 93986 228652      -      -      1           0    0.109077   0.0862717060202  -37.497556 -53.972111  -37.490861 -53.969583  -37.493361 -53.969611  -37.491694 -53.969583
 94869 192458      -      -      1           0    0.914416   0.0845765677096    -37.1375 -54.494583   -37.12925 -54.492083  -37.130056 -54.492083  -37.120028 -54.486278
 95031 267356      -      -      1           0    0.145035   0.0842509702705  -37.962528 -54.040417  -37.957556 -54.037111  -37.960028 -54.037111  -37.958353 -54.036255
 95040 183675      -      -      1           0    0.107669   0.0842375535663  -36.687583 -54.483778  -36.682583 -54.481278  -36.680917 -54.481694  -36.682583 -54.481722
 95125 267374      -      -      1           0    0.492644   0.0840637186204  -36.325861 -54.759583   -36.31925 -54.756278  -36.316639 -54.752972   -36.32175 -54.756278
 98539 197728      -      -      1           0    0.409188    0.079911747856  -26.809222  -57.10625  -26.804194 -57.102944  -26.804194 -57.104139  -26.797583 -57.103333
 99864 185557      -      -      1           0    0.741189   0.0780200321743  -27.075472  38.777889  -27.072111  38.781222  -27.075056  38.777889  -27.079194  38.772056
 99890 184836      -      -      1           0    0.549049   0.0779807901695  -25.838778  37.882889  -25.834639  37.885444  -25.834639     37.885   -25.82875  37.886667
100847 287842      -      -      1           0    0.954008   0.0764228876597  -37.940833 -54.057139  -37.934139 -54.055417  -37.935028 -54.055444   -37.93175 -54.047083
101379 267363      -      -      1           0    0.217807   0.0756499128414  -37.315889 -54.274611  -37.310833 -54.272083  -37.313333 -54.272139  -37.310833 -54.270833
101532 267371      -      -      1           0    0.420705   0.0754227617571  -36.155833 -54.371333    -36.1525 -54.367917  -36.155028 -54.371278  -36.159222 -54.374167
102105 183676      -      -      1           0    0.108753   0.0746500402761  -36.272583 -54.776306  -36.267528 -54.773778  -36.267528 -54.775833  -36.265833 -54.775861
102198 183669      -      -      1           0    0.092643   0.0745136554621  -37.889194  -54.05625  -37.885833 -54.052944  -37.888333 -54.052944  -37.888361 -54.052111
102379 267368      -      -      1           0    0.338692   0.0743128408663  -36.745917 -54.475472  -36.740861 -54.472972  -36.740861 -54.473361  -36.735833   -54.4725
110395 223549      -      -      1           0    0.141158   0.0650866230015  -37.307556 -54.003778    -37.3025 -54.001306  -37.307556 -54.003361  -37.308972  -54.00432
111733 290070      -      -      1           0    3.252162   0.0639995912937  -27.112944  38.609583  -27.110389  38.612889  -27.112944  38.612472  -27.142083  38.630833
113381 187251      -      -      1           0    0.191604   0.0625370650675  -31.203722  39.526306  -31.200333  39.529611  -31.202444  39.526306  -31.202472  39.524583
117353 187249      -      -      1           0    0.118408    0.058334895913  -31.122861  39.449556  -31.119528  39.452972  -31.122861  39.449972  -31.123965   39.45061
118685 241364      -      -      1           0    0.121549   0.0570519469088  -28.550472  38.534556   -28.54625  38.536222  -28.546694  38.536222  -28.545833  38.537083
118716 267353      -      -      1           0    0.143101   0.0570135897955  -37.922583 -53.987111  -37.917528 -53.985389  -37.916722 -53.987917  -37.918389 -53.987083
118843 183673      -      -      1           0    0.107044   0.0569036347312  -38.010861 -54.032139  -38.005806 -54.030417  -38.005806 -54.030861  -38.004167 -54.030861
119455 241586      -      -      1           0    0.070661   0.0564419825152  -37.489194 -53.965417  -37.485833 -53.962056  -37.485861 -53.965083  -37.484972 -53.965444
120100 183674      -      -      1           0    0.107317   0.0559902775024  -37.679194 -53.996278  -37.674167 -53.994583  -37.679194 -53.995028  -37.680833 -53.994972
120310 241817      -      -      1           0    0.341839   0.0558415903629  -38.047583 -54.063778  -38.044167 -54.061278  -38.044167 -54.061722  -38.039167 -54.060806
120342 183680      -      -      1           0    0.139794   0.0558202829852  -37.964222 -54.005444  -37.957556  -54.00375  -37.957556 -54.004194  -37.955996 -54.005054
120517 183668      -      -      1           0    0.092643   0.0556821158223  -37.370917 -54.282111  -37.365833 -54.280444  -37.366639 -54.280444  -37.366667 -54.279611
121158 241817      -      -      1           0    0.341839   0.0552122970795  -38.039194 -54.061278  -38.035861  -54.05875  -38.039167 -54.060806  -38.044167 -54.061722
121177 267354      -      -      1           0    0.143381   0.0552002174938  -37.847556 -54.002972  -37.844194 -54.000472  -37.847556   -54.0025  -37.848976 -54.003483
123423 183670      -      -      1           0    0.095756   0.0533779759008  -37.915806  -53.99375  -37.910861 -53.992111  -37.911722  -53.99375  -37.911694 -53.994611
134074 187902      -      -      1           0    0.472179   0.0449004081582  -25.092972  37.021222  -25.090389  37.023722  -25.090833   37.02125      -25.09  37.017056
134963 187246      -      -      1           0    0.062044   0.0440613659592  -31.147111  39.487111    -31.1445  39.489667  -31.147083  39.488306  -31.147806  39.488306
135361 185556      -      -      1           0    0.069907   0.0436872536107  -27.076306  38.647889  -27.073806  38.650389  -27.076306      38.65  -27.077111      38.65
142575 220597      -      -      1           0    2.078424     0.03799552266  -24.762972  37.254556  -24.760417   37.25625  -24.762944  37.255806  -24.782083  37.266639
142920 187900      -      -      1           0    0.145576   0.0378059251528    -25.0455   36.98625  -25.042917  36.987917  -25.045444  36.986639  -25.047083  36.986639
142959 206131      -      -      1           0     0.06676   0.0377779232202  -38.155972 -53.999444  -38.150917    -53.998  -38.155111    -53.998  -38.155889 -53.997611
143324 256095      -      -      1           0    3.790546   0.0375569996796  -24.732111  37.227889  -24.729583  37.229583  -24.731722  37.229583  -24.760833  37.254583
144240 186247      -      -      1           0    0.146923    0.036945723538  -28.324611  38.755389  -28.322111  38.757111  -28.322111  38.755778  -28.320417  38.755806
145568 186248      -      -      1           0    0.147015    0.035898489575  -28.324611  38.752056  -28.322111  38.753722  -28.322139  38.753333  -28.320444  38.753361
147909 201177      -      -      1           0    1.462339   0.0338571361963   -80.10875 -26.274583  -80.106278 -26.272917  -80.106667 -26.272972  -80.099722 -26.261389
150460 192247      -      -      1           0    0.176008   0.0313448830185  -31.111306  39.725472  -31.108722  39.727194  -31.109111  39.725472  -31.107361  39.724639
152680 187248      -      -      1           0    0.116993   0.0302122348467  -31.185444  39.502139     -31.182  39.503778  -31.183278  39.502139  -31.184111  39.501306
160527 229617      -      -      1           0    0.095892   0.0247340123099  -37.924167 -54.048778  -37.919222 -54.047944  -37.923389 -54.047972  -37.923306 -54.047111
161390 241364      -      -      1           0    0.121549   0.0236963480614  -28.546306  38.537056  -28.544611   38.53875  -28.545833  38.537083  -28.546694  38.536222
162044 224930      -      -      1           0    0.113741   0.0227566919337  -27.942944   39.01125  -27.941278  39.012917  -27.942944  39.011639  -27.943984  39.011012
162572 192246      -      -      1           0    0.122203   0.0222238113291  -31.116278  39.724694    -31.1145  39.726306  -31.115806  39.724722  -31.116694  39.723861
168021 186245      -      -      1           0    0.121593   0.0167400410032  -27.757139  38.551222  -27.754583  38.552083  -27.756694  38.551278  -27.757556  38.550417
168544 250979      -      -      1           0    0.068388   0.0158026600775  -38.232611    -53.998  -38.229222 -53.997139  -38.229222 -53.997583  -38.228415 -53.997192
176026 187247      -      -      1           0    0.116108   0.0101166449711  -31.142861  39.474611  -31.141222  39.475472  -31.142861  39.475028  -31.143958  39.474417
177644 250979      -      -      1           0    0.068388  0.00540877711302   -38.22925 -53.997222  -38.227583 -53.996333  -38.228415 -53.997192  -38.229222 -53.997583
177785 241586      -      -      1           0    0.070661  0.00481638248816  -37.485833  -53.96625  -37.484194 -53.965444  -37.484972 -53.965444  -37.485861 -53.965083
183668 183669 120517    144      2    0.092643    0.092643  3618.44288069582   -38.02425 -54.887139  -35.785861  -53.96875  -37.888361 -54.052111  -37.888333 -54.052944
183669 183670 102198 183668      3    0.092643    0.095756  3618.51739435128   -38.02425 -54.887139  -35.785861  -53.96875  -37.911694 -53.994611  -37.911722  -53.99375
183670 183671 123423 183669      4    0.095756    0.095806  3618.57077232719   -38.02425 -54.887139  -35.785861  -53.96875  -36.093417 -54.887111  -36.093361 -54.887972
183671 183672  41861 183670      5    0.095806    0.095807  3618.90229205971   -38.02425 -54.892139  -35.785861  -53.96875  -36.675056 -54.479583     -36.675 -54.480444
183672 183673  93770 183671      6    0.095807    0.107044  3618.98899183586   -38.02425 -54.892139  -35.785861  -53.96875  -38.004167 -54.030861  -38.005806 -54.030861
183673 183674 118843 183672      7    0.107044    0.107317  3619.04589547059   -38.02425 -54.892139  -35.785861  -53.96875  -37.680833 -53.994972  -37.679194 -53.995028
183674 183675 120100 183673      8    0.107317    0.107669  3619.10188574809   -38.02425 -54.892139  -35.785861  -53.96875  -36.682583 -54.481722  -36.680917 -54.481694
183675 183676  95040 183674      9    0.107669    0.108753  3619.18612330166   -38.02425 -54.892139  -35.785861  -53.96875  -36.265833 -54.775861  -36.267528 -54.775833
183676 183677 102105 183675     10    0.108753    0.111792  3619.26077334194   -38.02425 -54.892139  -35.785861  -53.96875  -37.890852 -54.055854  -37.889139 -54.055861
183677 183678  60858 183676     11    0.111792    0.135612  3619.43930628886   -38.02425 -54.892139  -35.785861  -53.96875  -37.618521 -54.179609  -37.620083 -54.180417
183678 183679  74223 183677     12    0.135612    0.137308  3619.56678064526   -38.02425 -54.892139  -35.785861  -53.96875  -36.000861 -54.499194   -35.99925      -54.5
183679 183680  27614 183678     13    0.137308    0.139794  3620.22690638245   -38.02425 -54.892139  -35.785861  -53.96875  -37.955996 -54.005054  -37.957556 -54.004194
183680 183681 120342 183679     14    0.139794    0.141219  3620.28272666544   -38.02425 -54.892139  -35.785861  -53.96875  -37.867597 -54.052924  -37.867556 -54.054194
183681 267352  71546 183680     15    0.141219    0.142971  3620.41838714113   -38.02425 -54.892139  -35.785861  -53.96875  -37.915056 -53.992139  -37.916722 -53.991306
184835 184836  54763    353      2    0.283872    0.549049   767.54284177282   -25.85625   37.70125  -25.135417  37.909583   -25.82875  37.886667  -25.834639     37.885
184836 298557  99890 184835      3    0.549049    62.04692  767.620822562989   -25.85625   37.70125  -25.135417  37.909583  -25.165833  37.742917  -24.785028   37.27375
185556 185557 135361    552      2    0.069907    0.741189  409.945841588611  -27.381278  38.637889  -27.042111  38.803722  -27.079194  38.772056  -27.075056  38.777889
185557 256538  99864 185556      3    0.741189     1.02544  410.023861620785  -27.381278  38.637889  -27.042111  38.803722  -27.146694   38.64375  -27.146694  38.634528
186245 186246 168021    758      2    0.121593    0.140127  255.083990921003  -28.320444  38.533722  -27.754583  38.756278  -27.752972  38.551639  -27.754583  38.551611
186246 186247  59538 186245      3    0.140127    0.146923  255.269398362559  -28.320444  38.533722  -27.747083  38.756278  -28.320417  38.755806  -28.322111  38.755778
186247 186248 144240 186246      4    0.146923    0.147015  255.306344086097  -28.324611  38.533722  -27.747083  38.757111  -28.320444  38.753361  -28.322139  38.753333
186248 294053 145568 186247      5    0.147015   17.572811  255.342242575672  -28.324611  38.533722  -27.747083  38.757111  -28.021722  38.599611  -28.065833  38.445389
187246 187247 134963   1102      2    0.062044    0.116108  144.436682840959  -31.267111   39.37125  -31.122111  39.524639  -31.143958  39.474417  -31.142861  39.475028
187247 187248 176026 187246      3    0.116108    0.116993   144.44679948593  -31.267111   39.37125  -31.122111  39.524639  -31.184111  39.501306  -31.183278  39.502139
187248 187249 152680 187247      4    0.116993    0.118408  144.477011720777  -31.267111   39.37125  -31.122111  39.524639  -31.123965   39.45061  -31.122861  39.449972
187249 187250 117353 187248      5    0.118408    0.119445   144.53534661669  -31.267111   39.37125  -31.119528  39.524639  -31.236194  39.505833  -31.237444  39.506306
187250 187251  92722 187249      6    0.119445    0.191604  144.623785654914  -31.267111   39.37125  -31.119528  39.524639  -31.202472  39.524583  -31.202444  39.526306
187251 272892 113381 187250      7    0.191604   17.046439  144.686322719982  -31.267111   39.37125  -31.119528  39.529611  -31.201611  39.529611  -31.115861  39.667944
187731 298300  50947   1309      2    0.683163   60.384148  111.548871298632   -26.46925 -58.490472  -26.234194 -58.375417  -26.246694 -58.490472  -26.588361 -59.003778
187900 187901 142920   1397      2    0.145576    0.150664  100.733285879153  -25.187111  36.927056  -25.014583  37.017917  -25.169583     36.945  -25.171278  36.945028
187901 187902  66410 187900      3    0.150664    0.472179  100.887194859645  -25.187111  36.927056  -25.014583  37.017917      -25.09  37.017056  -25.090833   37.02125
187902 290285 134074 187901      4    0.472179   36.775508  100.932095267803  -25.187111  36.927056  -25.014583  37.023722  -25.051694  37.011222  -24.785028  37.264583
189888 307069  67037   2426      2    0.139928    61.74754   39.871937864091  -26.517528 -57.820444  -26.354139  -57.74625  -26.446722 -57.820444  -26.410056 -58.375417
191902 191903  67013   3782      2    0.664821       1.279   19.635796410941   -27.42925 -59.485444  -27.282556 -59.432083  -27.264139 -59.475861  -27.282556 -59.482556
191903 272732 191902   3556      3       1.279    2.398142   41.352242616541   -27.42925 -59.487167  -27.139194 -59.432083  -27.139194 -59.454194  -27.105889 -59.440833
192246 192247 162572   4022      2    0.122203    0.176008  17.6591256921291  -31.126278  39.667944  -31.079528  39.726306  -31.107361  39.724639  -31.109111  39.725472
192247 272892 150460 192246      3    0.176008   17.046439  17.6904705751476  -31.126278  39.667944  -31.079528  39.727194  -31.115861  39.667944  -31.201611  39.529611
192458 262279  94869   4154      2    0.914416    3.443625  16.7855614052096    -37.1375 -54.514611    -37.0175 -54.467083  -37.017583 -54.498361  -36.982583    -54.475
196174 267370  87945   7608      2    0.207795    0.365962   6.0039876708345  -38.085889 -54.018778     -38.006 -53.992194  -38.019167 -54.003361  -38.016667 -54.006306
197727 197728  58171   9299      2    0.182248    0.409188    4.365526189113  -26.797611 -57.117944  -26.752556 -57.087917  -26.797583 -57.103333  -26.804194 -57.104139
197728 271945  98539 197727      3    0.409188    3.345855    4.445437936969  -26.809222 -57.117944  -26.752556 -57.087917  -26.753389 -57.097111  -26.718361 -57.073806
199321 271282  35116  11230      2    0.651737    2.033864    3.478500242801  -80.102111  -26.31375  -80.067944 -26.283778  -80.099194 -26.291278  -80.107528 -26.274583
201177 271282 147909  13579      2    1.462339    2.033864   2.2205164798463   -80.10875 -26.274583  -80.073611 -26.251389  -80.107528 -26.274583  -80.099194 -26.291278
206131 256549 142959  20944      2     0.06676    0.242436   1.0888013285802  -38.179333 -54.002917  -38.150917    -53.993  -38.150917 -53.999278  -38.147417        -54
208165 208166  40481  24432      2    0.279435     0.55626    1.164749289926  -37.264194 -54.027944  -37.235833  -54.01125  -37.245889 -54.025028    -37.2375 -54.025889
208166 260025  48811 208165      3     0.55626    0.840131    1.422506598579  -37.264194 -54.028778  -37.227528  -54.01125     -37.255 -54.027111  -37.253444 -54.034611
212372 212373  66490  32213      2    0.283593    0.604296    0.667325094272  -36.769222 -54.631278    -36.7475 -54.620444  -36.739222 -54.618361  -36.747556 -54.620861
212373 312836  74699 212372      3    0.604296   12.855263    0.793324823595  -36.769222 -54.631278  -36.732528  -54.61625  -36.733361  -54.61625  -36.628417 -54.517944
215607 260025  54216  38612      2    0.715494    0.840131    0.598755543258  -37.287528 -54.038778  -37.242583  -54.03125  -37.253444 -54.034611     -37.255 -54.027111
219615 254376  68710  47432      2     0.20871    0.217595    0.415720439814  -37.320889 -54.014667  -37.300889 -54.007972  -37.313361 -54.007972  -37.311694 -54.006278
220597 256095 142575  49836      2    2.078424    3.790546    0.287038944573  -24.785444  37.254556  -24.760417   37.27375  -24.760833  37.254583  -24.731722  37.229583
221183 256538  53030  51270      2    0.077221     1.02544    0.462899392854  -27.154639  38.627889  -27.142083  38.634528  -27.146694  38.634528  -27.146694   38.64375
221251 221252  65844  51435      2    0.284406    1.018277    0.393096357409  -26.715917 -59.044639  -26.694139 -59.039611  -26.715917 -59.044167    -26.7325   -59.0475
221252 256540  47538 221251      3    1.018277    1.386053    0.662297232149   -26.74425 -59.049611  -26.694139 -59.039611  -26.694139 -59.041722  -26.670806 -59.038361
221460 256549  77972  51934      2    0.210474    0.242436    0.350373081422  -38.149222 -54.007944    -38.1375 -53.998028  -38.147417        -54  -38.150917 -53.999278
223549 254376 110395  57508      2    0.141158    0.217595   0.2616456943645  -37.317556 -54.007111    -37.3025 -54.001306  -37.311694 -54.006278  -37.313361 -54.007972
224930 224931 162044  61125      2    0.113741    0.625639   0.1998431829187  -27.945444  39.006194  -27.938806  39.012917  -27.945444  39.010806  -27.951278  39.014139
224931 263121 224930   1854      3    0.625639    0.870818  63.5864246427187  -28.075417  39.006194  -27.938806  39.097917  -27.971278  39.055806   -27.96125  39.056639
228652 260781  93986  71323      2    0.109077     0.14253   0.2227997627092  -37.497556 -53.972111    -37.4875 -53.965444      -37.49 -53.965444  -37.488326 -53.964623
229617 267355 160527  74427      2    0.095892    0.144343   0.1515545875379  -37.932528 -54.048778  -37.919222 -54.044639  -37.925028 -54.044639  -37.923417  -54.04375
231107 262279  88050  78886      2    2.250304    3.443625   0.2115312762999  -36.982583 -54.476278  -36.935861  -54.46625  -36.982583    -54.475  -37.017583 -54.498361
241364 241365 161390 118685      2    0.121549    0.508244   0.0807482949702  -28.550472  38.534556  -28.544611   38.53875  -28.540472  38.534194  -28.545028  38.537056
241365 282177 241364    502      3    0.508244     4.83744   456.31062115597  -28.550472  38.382056  -28.030417  38.562056  -28.550472  38.535833  -28.604611  38.545806
241586 260781 177785 119455      2    0.070661     0.14253  0.06125836500336  -37.489194  -53.96625  -37.484194 -53.962056  -37.488326 -53.964623      -37.49 -53.965444
241817 287838 121158 120310      2    0.341839    0.759634   0.1110538874424  -38.047583 -54.063778  -38.035861  -54.05875  -38.035889 -54.059194   -38.02425 -54.059167
250979 250980 177644 168544      2    0.068388    0.095755  0.02121143719052  -38.232611    -53.998  -38.227583 -53.996333  -38.230083    -53.998  -38.230056 -53.998861
250980 282721 250979   8127      3    0.095755    0.293556  5.27260206250052  -38.244222 -54.014667  -38.185833 -53.994667   -38.23175 -53.997139  -38.233444 -53.994694
254376 254377 223549 219615      4    0.217595    0.684873   0.6773661341785  -37.320889 -54.014667  -37.300889 -54.001306  -37.320056 -54.010444  -37.323417 -54.016278
254377 287844 254376  17247      5    0.684873    1.120364   2.1400835701785  -37.344222 -54.028806  -37.300889 -54.001306  -37.333361 -54.038778  -37.335028  -54.02875
256095 290285 143324 220597      3    3.790546   36.775508   0.3245959442526  -24.785444  37.227889  -24.729583   37.27375  -24.785028  37.264583  -25.051694  37.011222
256538 290070 221183 185557      5     1.02544    3.252162  410.486761013639  -27.381278  38.627889  -27.042111  38.803722  -27.142083  38.630833  -27.112944  38.612472
256540 290074 221252   2209      4    1.386053   46.668945   47.092598628649   -26.74425 -59.079611  -26.512556 -59.002944  -26.736667 -59.049556  -27.095083 -59.427111
256549 256550 221460 206131      4    0.242436    0.321102   1.4391744100022  -38.179333 -54.007944    -38.1375    -53.993  -38.160056 -54.002083  -38.161944 -53.999417
256550 290068  88090 256549      5    0.321102    0.505801   1.5353501258811  -38.179333 -54.007944    -38.1375    -53.993  -38.179306  -53.99925  -38.185833 -54.001694
260025 287843 215607 208166      5    0.840131    1.040021    2.021262141837  -37.287528 -54.038778  -37.227528  -54.01125     -37.265 -54.038778  -37.268389 -54.047917
260781 302121 241586 228652      4     0.14253    3.107121  0.28405812771256  -37.497556 -53.972111  -37.484194 -53.962056  -37.490861 -53.971694  -37.459194 -53.992528
262279 309142 231107 192458      4    3.443625    7.941781  16.9970926815095    -37.1375 -54.514611  -36.935861  -54.46625  -36.935861 -54.466667  -36.814194 -54.456667
263121 305640  49891 224931      4    0.870818   36.091355  63.8348869276467  -28.075417  39.006194  -27.938806  39.097917  -28.037556  39.022889  -28.194167  38.722083
267352 267353  67840 183681     16    0.142971    0.143101  3620.56704478913   -38.02425 -54.892139  -35.785861  -53.96875  -37.918389 -53.987083  -37.916722 -53.987917
267353 267354 118716 267352     17    0.143101    0.143381  3620.62405837893   -38.02425 -54.892139  -35.785861  -53.96875  -37.848976 -54.003483  -37.847556   -54.0025
267354 267355 121177 267353     18    0.143381    0.144343  3620.67925859642   -38.02425 -54.892139  -35.785861  -53.96875  -37.923417  -54.04375  -37.925028 -54.044639
267355 267356 229617 267354     20    0.144343    0.145035  3620.83081318396   -38.02425 -54.892139  -35.785861  -53.96875  -37.958353 -54.036255  -37.960028 -54.037111
267356 267357  95031 267355     21    0.145035    0.180067  3620.91506415423   -38.02425 -54.892139  -35.785861  -53.96875  -37.720753 -54.136647  -37.720806 -54.135028
267357 267358  71464 267356     22    0.180067    0.191597  3621.05109620423   -38.02425 -54.892139  -35.785861  -53.96875  -37.080028 -54.327083  -37.080056 -54.328806
267358 267359  59845 267357     23    0.191597    0.206272  3621.23477494536   -38.02425 -54.892139  -35.785861  -53.96875   -37.21675 -54.252139  -37.219139 -54.253361
267359 267360  82763 267358     24    0.206272    0.210399  3621.34119763299   -38.02425 -54.892139  -35.785861  -53.96875  -36.297583 -54.748361  -36.300861 -54.748333
267360 267361  59775 267359     25    0.210399      0.2154  3621.52528210171   -38.02425 -54.892139  -35.785861  -53.96875  -37.734167 -54.134194  -37.730861 -54.134167
267361 267362  23130 267360     26      0.2154    0.216364  3622.41555394666   -38.02425 -54.892139  -35.785861  -53.96875  -36.301639 -54.260472       -36.3 -54.258778
267362 267363  57451 267361     27    0.216364    0.217807  3622.61249596088   -38.02425 -54.892139  -35.785861  -53.96875  -37.310833 -54.270833  -37.313333 -54.272139
267363 267364 101379 267362     28    0.217807    0.231272  3622.68814587372   -38.02425 -54.892139  -35.785861  -53.96875  -36.905917 -54.370028  -36.909167 -54.369167
267364 267365  57366 267363     29    0.231272    0.240606  3622.88565367327   -38.02425 -54.892139  -35.785861  -53.96875  -36.305806 -54.724167  -36.309222 -54.725056
267365 267366  61889 267364     30    0.240606    0.271895  3623.05924115037   -38.02425 -54.892139  -35.785861  -53.96875  -36.666722 -54.160417  -36.666667 -54.157972
267366 267367  35827 267365     31    0.271895     0.28281  3623.49173296152   -38.02425 -54.892139  -35.785861  -53.96875  -35.852556 -54.738361  -35.850028 -54.740444
267367 267368  79635 267366     32     0.28281    0.338692  3623.60542644582   -38.02425 -54.892139  -35.785861  -53.96875  -36.735833   -54.4725  -36.740861 -54.473361
267368 267369 102379 267367     33    0.338692    0.356338  3623.67973928669   -38.02425 -54.892139  -35.785861  -53.96875     -36.775 -54.105444  -36.779194 -54.103389
267369 267370  83013 267368     34    0.356338    0.365962  3623.78572828036   -38.02425 -54.892139  -35.785861  -53.96875  -38.016667 -54.006306  -38.019167 -54.003361
267370 267371 196174 267369     36    0.365962    0.420705   3629.7897159512  -38.085889 -54.892139  -35.785861  -53.96875  -36.159222 -54.374167  -36.155028 -54.371278
267371 267372 101532 267370     37    0.420705    0.437774  3629.86513871295  -38.085889 -54.892139  -35.785861  -53.96875  -36.314167     -54.75    -36.3075 -54.749167
267372 267373  68959 267371     38    0.437774    0.457122  3630.00980498356  -38.085889 -54.892139  -35.785861  -53.96875      -36.85 -54.081222      -36.85 -54.077111
267373 267374  82084 267372     39    0.457122    0.492644   3630.1175285227  -38.085889 -54.892139  -35.785861  -53.96875   -36.32175 -54.756278  -36.316639 -54.752972
267374 287837  95125 267373     40    0.492644    0.648395  3630.20159224132  -38.085889 -54.892139  -35.785861  -53.96875  -36.335083 -54.254639  -36.330028 -54.249611
271282 296131 201177 199321      4    2.033864   18.395695   5.6990167226473   -80.10875  -26.31375  -80.067944 -26.251389  -80.067944 -26.312528  -79.888861 -26.352639
271945 296060 197728   4750      4    3.345855   43.611428   17.835133911369  -26.809222 -57.117944  -26.645806 -57.055417  -26.721639 -57.057111  -27.076694 -56.716222
272732 290074  16750 191903      4    2.398142   46.668945   42.883482937861   -27.42925 -59.487167  -27.080889 -59.427111  -27.095083 -59.427111  -26.736667 -59.049556
272892 313713 192247 187251     10   17.046439  218.375626  162.376793295129  -31.267111   39.37125  -31.079528  39.727194  -31.145361  39.402444  -28.837083  38.602528
282177 294053    953 241365      4     4.83744   17.572811   634.77858672197  -28.837083  38.382056  -28.030417  38.645417  -28.065833  38.445389  -28.021722  38.599611
282721 290068  77898 250980      4    0.293556    0.505801  5.39010960886452  -38.244222 -54.014667  -38.185833 -53.992139  -38.185833 -54.001694  -38.179306  -53.99925
287837 287838  68825 267374     41    0.648395    0.759634  3630.34679876658  -38.085889 -54.892139  -35.785861  -53.96875   -38.02425 -54.059167  -38.035889 -54.059194
287838 287839 241817 287837     43    0.759634     0.78167  3630.45785265403  -38.085889 -54.892139  -35.785861  -53.96875  -37.341722 -54.047917  -37.334972 -54.042111
287839 287840  57387 287838     44     0.78167    0.860463  3630.65518639685  -38.085889 -54.892139  -35.785861  -53.96875  -37.414222 -54.265861  -37.427472 -54.265861
287840 287841  83306 287839     45    0.860463    0.918716  3630.76065267784  -38.085889 -54.892139  -35.785861  -53.96875  -35.815083  -54.79125   -35.80675 -54.797972
287841 287842   8192 287840     46    0.918716    0.954008  3635.95099077994  -38.085889 -54.892139  -35.765861  -53.96875   -37.93175 -54.047083  -37.935028 -54.055444
287842 287843 100847 287841     47    0.954008    1.040021   3636.0274136676  -38.085889 -54.892139  -35.765861  -53.96875  -37.268389 -54.047917     -37.265 -54.038778
287843 287844 260025 287842     52    1.040021    1.120364  3638.04867580943  -38.085889 -54.892139  -35.765861  -53.96875  -37.335028  -54.02875  -37.333361 -54.038778
287844 287845 254377 287843     57    1.120364    1.418727  3640.18875937961  -38.085889 -54.892139  -35.765861  -53.96875  -36.101667 -54.892111  -36.113389 -54.902944
287845 287846  72521 287844     58    1.418727    1.486259  3640.32138386881  -38.085889 -54.906278  -35.765861  -53.96875  -36.111694 -54.919583  -36.113333  -54.90625
287846 302121  89224 287845     59    1.486259    3.107121  3640.41545397116  -38.085889 -54.922111  -35.765861  -53.96875  -37.459194 -53.992528  -37.490861 -53.971694
290068 302122 256550 282721      9    0.505801     3.42111  6.92545973474562  -38.244222 -54.014667    -38.1375 -53.992139    -38.1375 -54.006722  -38.085833 -54.011694
290070 305641 111733 256538      6    3.252162    36.80434  410.550760604933  -27.381278  38.609583  -27.042111  38.803722  -27.372139  38.705806  -27.747083  38.551667
290074 298300 272732 256540      8   46.668945   60.384148    89.97608156651   -27.42925 -59.487167  -26.512556 -59.002944  -26.588361 -59.003778  -26.246694 -58.490472
290285 298557 256095 187902      7   36.775508    62.04692  101.256691212056  -25.187111  36.927056  -24.729583   37.27375  -24.785028   37.27375  -25.165833  37.742917
294053 305640 186248 282177      9   17.572811   36.091355  890.120829297642  -28.837083  38.382056  -27.747083  38.757111  -28.194167  38.722083  -28.037556  39.022889
296060 305269 271945   2678      5   43.611428   45.886727   52.155278983769  -27.210889 -57.117944  -26.645806 -56.677917  -27.186722 -56.685417  -27.555056 -56.326278
296131 363869   8046 271282      5   18.395695  809.961454  11.0323164964573   -80.10875  -26.35725  -79.850528 -26.251389     -79.871  -26.35725  -78.885056  -33.59625
298300 307069 290074 187731     10   60.384148    61.74754  201.524952865142   -27.42925 -59.487167  -26.234194 -58.375417  -26.410056 -58.375417  -26.446722 -57.820444
298557 307574 290285 184836     10    62.04692  137.207695  868.877513775045   -25.85625  36.927056  -24.729583  37.909583  -25.838389  37.885444  -27.074167  38.647889
302121 302122 260781 287846     63    3.107121     3.42111  3640.69951209887  -38.085889 -54.922111  -35.765861 -53.962056  -38.085833 -54.011694    -38.1375 -54.006722
302122 309142 290068 302121     72     3.42111    7.941781  3647.62497183361  -38.244222 -54.922111  -35.765861 -53.962056  -36.814194 -54.456667  -36.935861 -54.466667
305269 308190   3599 296060      6   45.886727   51.157205   73.282381794669  -27.614222 -57.117944  -26.645806 -56.270444   -27.57675  -56.32875  -28.135806     -56.67
305640 305641 263121 294053     13   36.091355    36.80434  953.955716225289  -28.837083  38.382056  -27.747083  39.097917  -27.747083  38.551667  -27.372139  38.705806
305641 307574 290070 305640     19    36.80434  137.207695  1364.50647683022  -28.837083  38.382056  -27.042111  39.097917  -27.074167  38.647889  -25.838389  37.885444
307069 311454 189888 298300     12    61.74754    72.13421  241.396890729233   -27.42925 -59.487167  -26.234194  -57.74625  -26.466722  -57.74625  -26.766694 -57.117944
307574 313713 298557 305641     29  137.207695  218.375626  2233.38399060527  -28.837083  36.927056  -24.729583  39.097917  -28.837083  38.602528  -31.145361  39.402444
308190 311454  37769 305269      7   51.157205    72.13421   73.677544604637  -28.147556 -57.117944  -26.645806 -56.270444  -26.766694 -57.117944  -26.466722  -57.74625
309142 312836 262279 302122     76    7.941781   12.855263  3664.62206451512  -38.244222 -54.922111  -35.765861 -53.962056  -36.628417 -54.517944  -36.733361  -54.61625
311454 315710 308190 307069     19    72.13421  518.798537   315.07443533387  -28.147556 -59.487167  -26.234194 -56.270444  -28.147528 -56.666694  -35.765889   -54.8175
312836 315710 212373 309142     79   12.855263  518.798537  3665.41538933872  -38.244222 -54.922111  -35.765861 -53.962056  -35.765889   -54.8175  -28.147528 -56.666694
313713 363870 272892 307574     39  218.375626   837.62313   2395.7607839004  -31.267111  36.927056  -24.729583  39.727194  -24.729611  37.228333   -17.26375  32.811667
315710 363868 311454 312836     98  518.798537  808.111777  3980.48982467259  -38.244222 -59.487167  -26.234194 -53.962056  -36.110028 -54.922111  -44.478637 -60.681636
363867 363868 363885 363865 181209  788.684517  808.111777  147407019.664919        -180        -90         180  83.633389  -44.478637 -60.681636  -36.110028 -54.922111
363868 363869 315710 363867 181307  808.111777  809.961454  147411000.154744        -180        -90         180  83.633389  -78.885056  -33.59625     -79.871  -26.35725
363869 363870 296131 363868 181312  809.961454   837.62313  147411011.187061        -180        -90         180  83.633389   -17.26375  32.811667  -24.729611  37.228333
363870 363871 313713 363869 181351   837.62313  936.639442  147413406.947845        -180        -90         180  83.633389  102.275806  -5.508778    96.61025 -11.813194
