   116 183406      -      -      1           0    0.082309     4929.31926664 -171.854306  62.937056  -168.68975  63.787917 -171.362583  63.620861 -171.360917  63.620861
   573 185626      -      -      1           0    6.400119      389.92072244  121.690389 -10.620472  121.999583 -10.425444  121.690389 -10.573361  121.640417 -10.603361
   650 185879      -      -      1           0    0.961753     322.857889199    81.60825  75.146222      82.365  75.514583   82.323417   75.29875   82.306639  75.291222
  1045 187105      -      -      1           0    0.122243     157.482297655  -65.422944  10.883722  -65.197056  10.980417  -65.276801  10.888729  -65.277556  10.887917
  1358 187826      -      -      1           0    0.533443     104.885478909   82.338194  75.907889   83.285056  75.990417          83  75.960417       83.01  75.964556
  1480 188102      -      -      1           0    0.357121     93.3138200421  -80.170611  59.759333  -79.928361  59.882528  -79.928361  59.843972  -79.922472  59.842722
  1636 188437      -      -      1           0   38.971607     80.1317138341  152.541444  76.079556  152.901639  76.197083  152.763194  76.079556  152.399889  75.740417
  1677 290613      -      -      1           0    5.990096     76.9342165395   81.678194  75.849556   82.391667  75.961222          82  75.949583   82.136694  75.992056
  1810 297652      -      -      1           0   12.269261     65.7721606106  -64.649583   11.81375  -64.559611  11.904583  -64.559611  11.842472  -64.447917    11.8275
  1911 195657      -      -      1           0    0.183172     60.5117345223  106.564556   8.638694  106.674583   8.759556  106.582083   8.645778  106.580417   8.645806
  2138 189353      -      -      1           0    0.671392     49.5067636155  -80.331611  59.627472  -80.151556  59.741028  -80.276944  59.698222  -80.284861   59.70275
  2403 185626      -      -      1           0    6.400119     40.4923559592  121.519583 -10.642972  121.640417 -10.597083  121.640417 -10.603361  121.690389 -10.573361
  3454 191446      -      -      1           0    1.489048     22.7206195662   81.921583  75.062056   82.191583  75.135417     82.1665  75.131278   82.173278  75.144556
  3929 192096      -      -      1           0    0.827461     18.2530136938  108.927917  10.500389  108.973722   10.55125    108.9675  10.502083  108.970806  10.495389
  4739 193179      -      -      1           0    0.287838     13.4420068907    -80.4575  59.642028  -80.361194  59.714028  -80.403972  59.673306  -80.403667  59.670722
  5103 193603      -      -      1           0    0.199134     11.7374975907  -80.490222  59.389944    -80.4415  59.488861  -80.459611  59.488333  -80.456889  59.489472
  5120 261653      -      -      1           0    1.194194     11.6652563507  -80.591833  59.640528  -80.497667  59.698333  -80.576639  59.649444  -80.596861  59.646139
  5424 363732      -      -      1           0   73.396522     10.5185427317 -146.373222  59.406028 -146.296222  59.470944 -146.313389  59.470833    -147.337  59.881472
  6437 194993      -      -      1           0    0.562209     7.95111219622  106.664528   8.655417   106.71625    8.68125  106.680833   8.655417  106.680806   8.650361
  6827 197688      -      -      1           0    0.531742     7.13095280219  -80.592333  59.308417  -80.553194  59.367361  -80.558972  59.364444  -80.554778  59.368722
  7046 195656      -      -      1           0    0.095739     6.80945653861   106.54375   8.631222  106.580417    8.66375  106.562528   8.631222  106.562528   8.630361
  7219 188437      -      -      1           0   38.971607     6.50677476657  152.301472  75.711222  152.428306  75.740417  152.399889  75.740417  152.763194  76.079556
  7300 185880      -      -      1           0    1.036208     6.36469712289   82.124889  75.208722   82.178333  75.292944   82.124917  75.276639   82.088389  75.275833
  7330 195912      -      -      1           0    1.143476     6.32115274178  -79.902944  59.901389  -79.833944  59.961278  -79.897806  59.910889  -79.916278  59.915361
  7375 191446      -      -      1           0    1.489048     6.24747187048   82.128167  75.144556   82.194944  75.195417   82.173278  75.144556     82.1665  75.131278
  7538 196102      -      -      1           0    0.446991      6.0007442645  -80.590722  59.084389  -80.530694    59.1135  -80.589639  59.090472  -80.597306  59.089667
  8105 210097      -      -      1           0    0.521314     5.26781842093  -80.547528  59.402556  -80.507167  59.437556  -80.505722  59.439417   -80.51025  59.435333
  8834 197689      -      -      1           0    0.668141     4.55346951111     -80.631  59.276667  -80.570611  59.302667  -80.579111  59.308417  -80.582528  59.302667
  9166 195912      -      -      1           0    1.143476     4.26480387491  -79.951056  59.904222  -79.912583  59.930222  -79.916278  59.915361  -79.897806  59.910889
  9263 197687      -      -      1           0    0.315537     4.19375826884     -80.572  59.368722  -80.542778  59.403528  -80.544139  59.371472  -80.539222  59.370139
  9379 197794      -      -      1           0    0.207051     4.12168497107     -80.641  59.227389  -80.608611  59.266278   -80.63475  59.245722  -80.638083  59.246472
 10287 198581      -      -      1           0    0.305539     3.51077736038  -80.681222  59.455417  -80.615083  59.498972  -80.615083  59.498472  -80.612139  59.500778
 10436 198705      -      -      1           0     0.23821     3.42395752702  -80.277556     59.371   -80.24525  59.417556   -80.24525  59.410639  -80.241472  59.409694
 11720 199759      -      -      1           0    0.158968     2.81947659629  -80.616556  59.048833  -80.574472  59.067444  -80.579333  59.062722  -80.580333  59.064056
 12102 304459      -      -      1           0    3.063727     2.66170818216  -80.341917  59.545528  -80.279833  59.579111  -80.338389     59.546  -80.381583  59.529278
 13819 198708      -      -      1           0    0.702368     2.12204528469  -80.320139  59.378167  -80.288222  59.409139  -80.288389  59.396833  -80.277167  59.399528
 14365 201700      -      -      1           0    0.265658     1.98779518226   52.405417  25.664556    52.42125  25.680417   52.415806  25.680389   52.415833  25.682778
 15249 202317      -      -      1           0    0.103874     1.79603618024  -80.821333  58.408056  -80.754639  58.425806  -80.792389  58.417667  -80.793583  58.418361
 15403 298462      -      -      1           0    7.058129     1.76496980548   81.734806  75.813722      81.795  75.827917   81.780056  75.824583   81.909889  75.879556
 15701 199759      -      -      1           0    0.158968     1.70859287058  -80.594167     59.064  -80.564722  59.081361  -80.580333  59.064056  -80.579333  59.062722
 15991 195913      -      -      1           0    1.475418     1.65243117227  -79.889806  59.877611  -79.857083  59.901083  -79.876778  59.894556  -79.895639  59.903861
 16024 219791      -      -      1           0    0.394387     1.64724976162   82.614861  75.892861   82.688361  75.907083   82.609778  75.909583       82.62  75.907056
 16963 250126      -      -      1           0    0.892675     1.49727740026  -80.428556  59.251528  -80.400056  59.273722   -80.44425  59.254222  -80.428556    59.2545
 18522 204591      -      -      1           0    0.121801     1.30246655734  -80.635028    59.0145  -80.602556  59.024778  -80.623667  59.018556  -80.623361  59.017472
 18525 298538      -      -      1           0    3.073995     1.30231455225  106.737917    8.68125  106.749556   8.697889  106.737917   8.686611  106.716222   8.669167
 19049 193603      -      -      1           0    0.199134     1.24014576809  -80.462417  59.488944  -80.431139    59.5095  -80.456889  59.489472  -80.459611  59.488333
 19794 232410      -      -      1           0    0.595103     1.15923253415  -80.637944    59.6255  -80.611917  59.643667  -80.618722  59.643361  -80.610028  59.646417
 21419 192096      -      -      1           0    0.827461      1.0105850661  108.965361  10.482028  108.975444  10.495417  108.970806  10.495389    108.9675  10.502083
 21568 274072      -      -      1           0    1.206601    0.997866246164  -80.638694  59.327722  -80.609194  59.338389  -80.588111  59.328333  -80.609194  59.329778
 21943 206758      -      -      1           0    0.062928    0.967749035821  106.540361   8.702083  106.554583   8.709583  106.554175   8.707909  106.554583   8.708306
 22137 296840      -      -      1           0    3.516865    0.954943578795   -80.25525  59.769583  -80.229444  59.782694  -80.229611  59.739972  -80.243833  59.770778
 24037 274406      -      -      1           0    1.606272    0.836132970617   -65.38875  10.983694  -65.373778  10.994583  -65.374167  10.983694  -65.366694   10.97125
 24644 185879      -      -      1           0    0.961753    0.803253244068   82.264889  75.279583   82.311611   75.29125   82.306639  75.291222   82.323417   75.29875
 25371 187105      -      -      1           0    0.122243    0.762564270719  -65.277944  10.885361  -65.248778  10.890417  -65.277556  10.887917  -65.276801  10.888729
 25420 254698      -      -      1           0    2.131273     0.76016701959   -64.43125  11.790389  -64.418722  11.797083  -64.429167   11.79625  -64.429167  11.815417
 25887 209045      -      -      1           0    0.295915    0.736915085113  -65.438778  10.957056  -65.427972  10.967083  -65.427972  10.964972  -65.425417  10.965861
 26475 209045      -      -      1           0    0.295915    0.709124544264  -65.425417   10.96375  -65.414583  10.972083  -65.425417  10.965861  -65.427972  10.964972
 26643 201700      -      -      1           0    0.265658    0.701453169629   52.415833  25.680556   52.426944  25.690556   52.415833  25.682778   52.415806  25.680389
 27068 193604      -      -      1           0    0.576519    0.683361435625  -80.502917  59.459306  -80.486472  59.470167  -80.487139  59.468417  -80.482472  59.473028
 27777 210096      -      -      1           0    0.273151     0.65444495222  -80.519833  59.442417  -80.507333  59.453806  -80.508806  59.443139  -80.505472  59.441361
 27954 210202      -      -      1           0    0.041248     0.64792140471 -168.827167  63.076722 -168.800167  63.084361 -168.825167   63.07775 -168.824806  63.077417
 28036 210260      -      -      1           0    3.394792    0.644589799902   109.08625   9.968722  109.093722   9.977917  109.087028   9.976611  109.059583   9.990806
 28278 220900      -      -      1           0    0.366532     0.63626637331  106.632056   8.631222  106.642056    8.63875  106.628722     8.6375  106.632056   8.637472
 28753 234414      -      -      1           0    0.603663    0.619211203667  -80.395167  59.520056  -80.376611  59.529389  -80.391833  59.520583  -80.402194  59.519222
 28899 218057      -      -      1           0    0.777325    0.614037891497  -64.447917  11.824583  -64.437917  11.832083  -64.434611  11.820861  -64.440028  11.825417
 28936 210260      -      -      1           0    3.394792      0.6130453059   109.05125   9.989528  109.059611    9.99625  109.059583   9.990806  109.087028   9.976611
 29961 213355      -      -      1           0    1.211088    0.578215949245  -64.400472  11.742889  -64.390417  11.752056  -64.398361  11.742889  -64.399194  11.732028
 30621 275039      -      -      1           0   33.036926    0.559534056166  121.273722 -10.826278  121.284556 -10.819611  121.282917   -10.8225  121.519583 -10.637556
 32642 212604      -      -      1           0    0.154367    0.503221324835  -80.426306  58.856694  -80.408472  58.866556  -80.423353  58.861906  -80.424167  58.860583
 33689 278282      -      -      1           0   17.010466    0.477176363302  108.901222  10.048722  108.907083   10.05625  108.907083  10.050806  109.052056   9.995833
 34076 213354      -      -      1           0    1.207688    0.468163148738  -64.407917  11.726278  -64.398778  11.732056  -64.405861  11.726278  -64.405861  11.715417
 35808 214217      -      -      1           0    1.658007    0.432898258324   82.204778  75.982889   82.234972  75.989583   82.204778  75.988306   82.148139  75.994167
 37809 297129      -      -      1           0    1.875063    0.394650318876  -80.651306  59.205444  -80.637167  59.212611  -80.639111  59.212611  -80.624056  59.227611
 38617 210203      -      -      1           0    0.210064    0.381317176962 -168.847917  63.064167 -168.835028  63.073444 -168.832111  63.073972 -168.835611  63.072944
 40147 195658      -      -      1           0    0.208201    0.355965330311  106.559583   8.682028  106.565389    8.68875  106.567056   8.682472  106.565389   8.683361
 43712 187826      -      -      1           0    0.533443    0.308281452818   83.004778  75.964556   83.028389   75.97125       83.01  75.964556          83  75.960417
 43886 218056      -      -      1           0    0.121206    0.306366269804  -64.432139  11.815417   -64.42625  11.822083  -64.431278  11.819892  -64.432083  11.819139
 46826 187827      -      -      1           0    0.765963    0.275901926372   82.318139  75.972861   82.338278  75.978778   82.335056  75.974139   82.361583  75.971667
 47040 197795      -      -      1           0    0.270985    0.274033768489  -80.659139  59.230778  -80.644694  59.237861  -80.645139  59.233667  -80.640745  59.234609
 47770 219789      -      -      1           0    0.266889    0.267017435579   82.558194  75.899556   82.581639  75.904611   82.581639  75.902472   82.586528  75.904556
 50531 220899      -      -      1           0    0.130247    0.243379174765  106.621194   8.632861  106.625417   8.638722   106.62537   8.637492  106.626222   8.638306
 50856 221015      -      -      1           0    6.462888    0.241101646847  106.144583   8.604556  106.150417   8.609556  106.144583   8.606639  106.093722     8.5775
 51087 256716      -      -      1           0    1.255367    0.239289904599  106.587889   8.732917  106.595389   8.737056  106.599139    8.72375  106.592472   8.732917
 60993 263156      -      -      1           0    2.201575    0.177735175521  -80.575444  59.000889  -80.567306     59.008  -80.606333  59.016444  -80.572833  59.006722
 61360 271335      -      -      1           0    1.157647    0.175923057124   -80.29075  59.357833  -80.282972  59.364083    -80.2835   59.36375  -80.270167  59.371639
 61727 225189      -      -      1           0    0.277597    0.174263698907  -80.667333  59.007389  -80.659694  59.012972  -80.664694  59.007389  -80.661944  59.005333
 63543 225189      -      -      1           0    0.277597    0.165962569495  -80.665083  59.000472  -80.655583  59.005333  -80.661944  59.005333  -80.664694  59.007389
 64038 225190      -      -      1           0    0.419554    0.163952063109   -80.66575  58.989861  -80.657917  58.997056  -80.659917  59.000472  -80.663028  58.997056
 64400 226141      -      -      1           0    0.324964    0.162348382132  -80.677556  59.496167  -80.670611  59.501861  -80.671441   59.49623  -80.666722  59.494556
 66307 196102      -      -      1           0    0.446991    0.154377959156  -80.609167  59.087111  -80.597306  59.090528  -80.597306  59.089667  -80.589639  59.090472
 66450 214217      -      -      1           0    1.658007    0.153744202884   82.131611  75.992056   82.148222   75.99625   82.148139  75.994167   82.204778  75.988306
 66812 188102      -      -      1           0    0.357121    0.152299765186  -79.922472  59.842083  -79.911389  59.850444  -79.922472  59.842722  -79.928361  59.843972
 67380 210202      -      -      1           0    0.041248    0.150182646596 -168.833944  63.073972 -168.822861  63.077611 -168.824806  63.077417 -168.825167   63.07775
 68151 219789      -      -      1           0    0.266889    0.147639820715     82.5815  75.904556   82.598278  75.907917   82.586528  75.904556   82.581639  75.902472
 69961 198709      -      -      1           0     0.95014    0.141095270292  -80.258333  59.426083  -80.246972  59.431306  -80.257222  59.426083  -80.258306  59.417556
 70464 219790      -      -      1           0    0.326981    0.139547061753   82.598222  75.909556      82.615  75.912917   82.593222  75.907917    82.60325  75.909556
 73291 266469      -      -      1           0     0.33243    0.130436704754 -168.893972  63.334778 -168.886194    63.3385 -168.888611  63.334778 -168.889333  63.331806
 77628 183407      -      -      1           0     0.12095    0.118216915633  -171.35425  63.620389 -171.342611  63.622889 -171.356089  63.620893  -171.35425  63.621611
 77789 197794      -      -      1           0    0.207051    0.117803005609  -80.643306  59.245472   -80.63775  59.250028  -80.638083  59.246472   -80.63475  59.245722
 80202 195656      -      -      1           0    0.095739    0.112362828252  106.560417   8.627056  106.563722   8.630361  106.562528   8.630361  106.562528   8.631222
 83338 232409      -      -      1           0     0.33636    0.105419459386  -80.611361  59.646417  -80.603778  59.649889  -80.607083  59.646972  -80.601583  59.645778
 87280 198581      -      -      1           0    0.305539   0.0974826799653  -80.613389  59.500667  -80.605083  59.503333  -80.612139  59.500778  -80.615083  59.498472
 90490 234413      -      -      1           0    0.292588   0.0916003972317  -80.410528  59.517139  -80.402194  59.519944  -80.410528  59.517361  -80.413833  59.515333
 91757 206758      -      -      1           0    0.062928   0.0897265150902  106.554528   8.707917  106.557111    8.71125  106.554583   8.708306  106.554175   8.707909
 92866 218056      -      -      1           0    0.121206   0.0882488682249  -64.434611  11.817917  -64.432083   11.82125  -64.432083  11.819139  -64.431278  11.819892
 94192 296841      -      -      1           0     3.55462   0.0858542714504  -80.316806  59.782806  -80.312167  59.786944     -80.255  59.770778  -80.313333  59.783417
 98258 221015      -      -      1           0    6.462888    0.080249855572  106.091222   8.575417  106.093778    8.57875  106.093722     8.5775  106.144583   8.606639
 99538 194993      -      -      1           0    0.562209   0.0785323474702  106.677917   8.647889  106.681222   8.650361  106.680806   8.650361  106.680833   8.655417
100455 189354      -      -      1           0    1.009539   0.0770802086474  -80.306972  59.690389  -80.301611  59.694083  -80.301889  59.692694  -80.285028  59.689528
102313 296111      -      -      1           0    3.155205   0.0743896978222  -80.192722  59.436417   -80.18775  59.440278  -80.192722  59.436944  -80.246972  59.430306
103976 307459      -      -      1           0    6.114065   0.0726685462742  106.724556    8.77625  106.727083   8.778778  106.724556   8.776639  106.674583   8.752472
105703 278521      -      -      1           0     0.19592   0.0709424680094  -80.764194  58.424222  -80.757639  58.429194  -80.759478   58.42647  -80.756361  58.425806
108272 232409      -      -      1           0     0.33636   0.0675507615239  -80.602167  59.643583  -80.596861  59.646222  -80.601583  59.645778  -80.607083  59.646972
108314 193179      -      -      1           0    0.287838   0.0674876049499  -80.407667    59.6675     -80.402  59.670722  -80.403667  59.670722  -80.403972  59.673306
108880 266467      -      -      1           0    0.182276   0.0667654159287  -169.42425  63.108722 -169.417528   63.11125 -169.421778   63.11125 -169.424194  63.112472
113628 220899      -      -      1           0    0.130247   0.0622803232368  106.626222   8.637111  106.628722   8.639583  106.626222   8.638306   106.62537   8.637492
116861 266470      -      -      1           0     0.50182   0.0588121720591 -169.517583  63.077056 -169.510833   63.07875 -169.517528  63.077444 -169.524945  63.080459
120304 213354      -      -      1           0    1.207688   0.0558453832481  -64.407167  11.712889  -64.404611  11.715417  -64.405861  11.715417  -64.405861  11.726278
121072 242022      -      -      1           0    0.161023   0.0552695260355  -80.764028  58.430972  -80.759889  58.434333  -80.763833  58.431306  -80.765028      58.43
123217 234413      -      -      1           0    0.292588   0.0535667277607  -80.419917  59.512278  -80.413833   59.51575  -80.413833  59.515333  -80.410528  59.517361
124045 198705      -      -      1           0     0.23821   0.0527716595118  -80.241472  59.407528  -80.237806  59.410778  -80.241472  59.409694   -80.24525  59.410639
126474 243073      -      -      1           0    0.082138   0.0500351838772 -170.355917  63.695361 -170.350917  63.697917 -170.350917  63.696667  -170.34925  63.696667
126911 243172      -      -      1           0    0.443066   0.0495581546535  -80.210333  59.405278  -80.206722  59.408583  -80.209028  59.405278  -80.214361  59.402361
128620 243607      -      -      1           0    0.184551   0.0481510568621  -79.985861  59.874056  -79.980861  59.876389  -79.983667  59.876389  -79.984222  59.878025
133985 278523      -      -      1           0    0.623729   0.0449799131599  -80.809472  58.419639     -80.804  58.421972  -80.804222  58.420944  -80.794028  58.419222
135975 243074      -      -      1           0    0.089512   0.0430733117985   -170.3525  63.698722   -170.3475  63.700444  -170.35175  63.698722  -170.35175  63.697917
136387 183406      -      -      1           0    0.082309   0.0426777358273 -171.360917  63.619556 -171.355917  63.622056 -171.360917  63.620861 -171.362583  63.620861
136420 243073      -      -      1           0    0.082138   0.0426500645547  -170.34925  63.696194 -170.344194  63.697917  -170.34925  63.696667 -170.350917  63.696667
136532 245234      -      -      1           0    0.247384   0.0425262900388 -170.062556  63.645361 -170.057528  63.647889 -170.059591  63.647654 -170.055917  63.649167
136911 198706      -      -      1           0    0.243677   0.0421488237872  -80.275194    59.4065  -80.271056  59.408972  -80.271056  59.408333  -80.266778  59.408583
136970 245234      -      -      1           0    0.247384    0.042100991589 -170.055917  63.648722 -170.050861  63.650417 -170.055917  63.649167 -170.059591  63.647654
138468 197690      -      -      1           0    0.834707   0.0405712605255  -80.628194   59.30575  -80.623417   59.30775   -80.61825  59.299278  -80.623417  59.306306
144998 243607      -      -      1           0    0.184551   0.0363584106523  -79.987111  59.877833  -79.982694  59.879667  -79.984222  59.878025  -79.983667  59.876389
146321 310216      -      -      1           0   26.507458   0.0352301907092 -169.204306  63.586194 -169.199222  63.587917 -169.203417  63.586194 -169.313333  63.352917
146343 198707      -      -      1           0    0.550621   0.0352141532282  -80.241583  59.373806  -80.238333  59.376222  -80.241583  59.375139  -80.249556  59.377972
146682 196103      -      -      1           0    0.582375     0.03492031352     -80.625  59.088639  -80.619361  59.090361  -80.609167  59.088722  -80.619361  59.088806
148111 204591      -      -      1           0    0.121801   0.0336669801964  -80.624472  59.015944  -80.619833  59.018083  -80.623361  59.017472  -80.623667  59.018556
154754 212606      -      -      1           0    0.279937   0.0293988430274  -80.417278  58.849889  -80.414944    58.8525  -80.419639   58.85425  -80.416361  58.852389
159306 196104      -      -      1           0    0.677531   0.0261281345618  -80.605583  59.100278  -80.601917  59.101944  -80.601917  59.101139  -80.590056  59.101306
162145 197687      -      -      1           0    0.315537   0.0226596064258  -80.539222  59.368583  -80.536444  59.370528  -80.539222  59.370139  -80.544139  59.371472
162152 189353      -      -      1           0    0.671392   0.0226523575297  -80.288472  59.701917  -80.284861  59.703611  -80.284861   59.70275  -80.276944  59.698222
162925 250085      -      -      1           0    0.525148    0.021948745032  -80.515306  59.355389  -80.512278  59.357222  -80.512639  59.355444  -80.512472  59.350722
163162 250125      -      -      1           0    0.276331   0.0218047780428  -80.452889  59.250278  -80.448861   59.25175  -80.448861  59.251278  -80.445833  59.253222
165887 226141      -      -      1           0    0.324964   0.0197496909227  -80.666722  59.493639  -80.663278  59.494889  -80.666722  59.494556  -80.671441   59.49623
167124 210096      -      -      1           0    0.273151   0.0182933454793  -80.506361  59.439417  -80.504139  59.441361  -80.505472  59.441361  -80.508806  59.443139
169246 243172      -      -      1           0    0.443066   0.0144743127793  -80.217028  59.401444  -80.214361  59.402861  -80.214361  59.402361  -80.209028  59.405278
169455 202318      -      -      1           0    0.114558   0.0140552273891  -80.792917  58.419556  -80.790306  58.420583  -80.794028  58.419222  -80.792167  58.419556
169498 242022      -      -      1           0    0.161023   0.0139545346509  -80.767417  58.428694  -80.765028      58.43  -80.765028      58.43  -80.763833  58.431306
169725 250125      -      -      1           0    0.276331   0.0135495995842  -80.446722  59.253222  -80.444167  59.254361  -80.445833  59.253222  -80.448861  59.251278
172770 212605      -      -      1           0    0.175707   0.0121788570743  -80.421056   58.85425  -80.419083  58.855944  -80.419611  58.855722    -80.4185  58.857194
175927 212604      -      -      1           0    0.154367   0.0102435056283  -80.424611  58.858889   -80.42275  58.860583  -80.424167  58.860583  -80.423353  58.861906
176486 250085      -      -      1           0    0.525148  0.00956830327332  -80.513278  59.348778  -80.511722  59.350722  -80.512472  59.350722  -80.512639  59.355444
179346 202317      -      -      1           0    0.103874  0.00272668083616  -80.794556  58.418361  -80.793583  58.419222  -80.793583  58.418361  -80.792389  58.417667
183406 183407 136387    116      2    0.082309     0.12095  4929.36194437583 -171.854306  62.937056  -168.68975  63.787917  -171.35425  63.621611 -171.356089  63.620893
183407 266467  77628 183406      3     0.12095    0.182276  4929.48016129146 -171.854306  62.937056  -168.68975  63.787917 -169.424194  63.112472 -169.421778   63.11125
185626 275039   2403    573      2    6.400119   33.036926    430.4130783992  121.519583 -10.642972  121.999583 -10.425444  121.519583 -10.637556  121.282917   -10.8225
185879 185880  24644    650      2    0.961753    1.036208  323.661142443068    81.60825  75.146222      82.365  75.514583   82.088389  75.275833   82.124917  75.276639
185880 273230   7300 185879      3    1.036208    1.555329  330.025839565958    81.60825  75.146222      82.365  75.514583   82.166667   75.20875   82.183222  75.195417
187105 274406  25371   1045      2    0.122243    1.606272  158.244861925719  -65.422944  10.883722  -65.197056  10.980417  -65.366694   10.97125  -65.374167  10.983694
187826 187827  43712   1358      2    0.533443    0.765963  105.193760361818   82.338194  75.907889   83.285056  75.990417   82.361583  75.971667   82.335056  75.974139
187827 254466  46826 187826      3    0.765963    2.105884   105.46966228819   82.318139  75.907889   83.285056  75.990417   82.583167  75.931222   82.603139  75.912917
188102 274594  66812   1480      2    0.357121    0.421657   93.466119807286  -80.170611  59.759333  -79.911389  59.882528  -79.979194     59.871  -79.983667  59.874056
188437 363733   7219   1636      2   38.971607   74.100802    86.63848860067  152.301472  75.711222  152.901639  76.197083  152.310028  75.711222  150.959917  75.137889
189353 189354 162152   2138      2    0.671392    1.009539  49.5294159730297  -80.331611  59.627472  -80.151556  59.741028  -80.285028  59.689528  -80.301889  59.692694
189354 296839 100455 189353      3    1.009539    3.464001  49.6064961816771  -80.331611  59.627472  -80.151556  59.741028    -80.1575  59.732611  -80.151389  59.763611
191446 273230   7375   3454      2    1.489048    1.555329    28.96809143668   81.921583  75.062056   82.194944  75.195417   82.183222  75.195417   82.166667   75.20875
192096 293608  21419   3929      2    0.827461   47.854289     19.2635987599  108.927917  10.482028  108.975444   10.55125  108.969139  10.482083  108.905833   10.05625
193179 283712 108314   4739      2    0.287838    3.555583  13.5094944956499    -80.4575  59.642028  -80.361194  59.714028  -80.436861  59.680972  -80.497667  59.689944
193603 193604  19049   5103      2    0.199134    0.576519    12.97764335879  -80.490222  59.389944  -80.431139    59.5095  -80.482472  59.473028  -80.487139  59.468417
193604 274069  27068 193603      3    0.576519    0.785536   13.661004794415  -80.502917  59.389944  -80.431139    59.5095  -80.432222    59.5095  -80.419917  59.512806
194993 256715  99538   6437      2    0.562209    1.221493   8.0296445436902  106.664528   8.647889   106.71625    8.68125  106.664167    8.69125  106.665833   8.680389
195656 195657  80202   7046      2    0.095739    0.183172    6.921819366862   106.54375   8.627056  106.580417    8.66375  106.580417   8.645806  106.582083   8.645778
195657 195658 195656   1911      3    0.183172    0.208201   67.433553889162   106.54375   8.627056  106.674583   8.759556  106.565389   8.683361  106.567056   8.682472
195658 256714  40147 195657      4    0.208201    0.463055   67.789519219473   106.54375   8.627056  106.674583   8.759556  106.618722   8.640806  106.622111   8.638333
195912 195913   9166   7330      2    1.143476    1.475418    10.58595661669  -79.951056  59.901389  -79.833944  59.961278  -79.895639  59.903861  -79.876778  59.894556
195913 296838  15991 195912      3    1.475418    3.295748    12.23838778896  -79.951056  59.877611  -79.833944  59.961278  -79.889806  59.877806    -79.9125  59.850444
196102 196103  66307   7538      2    0.446991    0.582375    6.155122223656  -80.609167  59.084389  -80.530694    59.1135  -80.619361  59.088806  -80.609167  59.088722
196103 196104 146682 196102      3    0.582375    0.677531    6.190042537176     -80.625  59.084389  -80.530694    59.1135  -80.590056  59.101306  -80.601917  59.101139
196104 265730 159306 196103      4    0.677531    0.867352   6.2161706717378     -80.625  59.084389  -80.530694    59.1135  -80.599417  59.088222  -80.592194  59.081361
197687 197688 162145   9263      2    0.315537    0.531742   4.2164178752658     -80.572  59.368583  -80.536444  59.403528  -80.554778  59.368722  -80.558972  59.364444
197688 197689 197687   6827      3    0.531742    0.668141  11.3473706774558  -80.592333  59.308417  -80.536444  59.403528  -80.582528  59.302667  -80.579111  59.308417
197689 197690   8834 197688      4    0.668141    0.834707  15.9008401885658     -80.631  59.276667  -80.536444  59.403528  -80.623417  59.306306   -80.61825  59.299278
197690 274071 138468 197689      5    0.834707     1.11944  15.9414114490913     -80.631  59.276667  -80.536444  59.403528  -80.546639  59.409917  -80.560694  59.402833
197794 197795  77789   9379      2    0.207051    0.270985    4.239487976679  -80.643306  59.227389  -80.608611  59.266278  -80.640745  59.234609  -80.645139  59.233667
197795 274073  47040 197794      3    0.270985    1.471981    4.513521745168  -80.659139  59.227389  -80.608611  59.266278  -80.606111  59.278028  -80.617278  59.266083
198581 265016  87280  10287      2    0.305539    0.806059   3.6082600403453  -80.681222  59.455417  -80.605083  59.503333  -80.656139  59.487528  -80.663278  59.493806
198705 198706 124045  10436      2     0.23821    0.243677   3.4767291865318  -80.277556     59.371  -80.237806  59.417556  -80.266778  59.408583  -80.271056  59.408333
198706 198707 136911 198705      3    0.243677    0.550621    3.518878010319  -80.277556     59.371  -80.237806  59.417556  -80.249556  59.377972  -80.241583  59.375139
198707 198708 146343 198706      4    0.550621    0.702368   3.5540921635472  -80.277556     59.371  -80.237806  59.417556  -80.277167  59.399528  -80.288389  59.396833
198708 198709  13819 198707      5    0.702368     0.95014   5.6761374482372  -80.320139     59.371  -80.237806  59.417556  -80.258306  59.417556  -80.257222  59.426083
198709 271335  69961 198708      6     0.95014    1.157647   5.8172327185292  -80.320139     59.371  -80.237806  59.431306  -80.270167  59.371639    -80.2835   59.36375
199759 265730  15701  11720      2    0.158968    0.867352     4.52806946687  -80.616556  59.048833  -80.564722  59.081361  -80.592194  59.081361  -80.599417  59.088222
201700 363728  26643  14365      2    0.265658   72.476678    2.689248351889   52.405417  25.664556   52.426944  25.690556   52.407528  25.664583   52.233306  25.032083
202317 202318 179346  15249      2    0.103874    0.114558  1.79876286107616  -80.821333  58.408056  -80.754639  58.425806  -80.792167  58.419556  -80.794028  58.419222
202318 278521 169455 202317      3    0.114558     0.19592  1.81281808846526  -80.821333  58.408056  -80.754639  58.425806  -80.756361  58.425806  -80.759478   58.42647
204591 263155 148111  18522      2    0.121801    1.716171   1.3361335375364  -80.635028    59.0145  -80.602556  59.024778  -80.632528  59.018417  -80.659694  59.011889
206758 290156  91757  21943      2    0.062928    1.908315   1.0574755509112  106.540361   8.702083  106.557111    8.71125  106.550806   8.702083  106.561667   8.688694
209045 274407  26475  25887      2    0.295915    2.547447    1.446039629377  -65.438778  10.957056  -65.414583  10.972083  -65.414611  10.964972   -65.39625  10.950833
210096 210097 167124  27777      2    0.273151    0.521314   0.6727382976993  -80.519833  59.439417  -80.504139  59.453806   -80.51025  59.435333  -80.505722  59.439417
210097 274070 210096   8105      3    0.521314     0.83647   5.9405567186293  -80.547528  59.402556  -80.504139  59.453806  -80.509083  59.453389  -80.500528  59.459528
210202 210203  67380  27954      2    0.041248    0.210064    0.798104051306 -168.833944  63.073972 -168.800167  63.084361 -168.835611  63.072944 -168.832111  63.073972
210203 303660  38617 210202      3    0.210064    7.261822    1.179421228268 -168.847917  63.064167 -168.800167  63.084361 -168.823167  63.082639 -168.866639  63.144917
210260 278282  28936  28036      2    3.394792   17.010466    1.257635105802   109.05125   9.968722  109.093722    9.99625  109.052056   9.995833  108.907083  10.050806
212604 212605 175927  32642      2    0.154367    0.175707   0.5134648304633  -80.426306  58.856694  -80.408472  58.866556    -80.4185  58.857194  -80.419611  58.855722
212605 212606 172770 212604      3    0.175707    0.279937   0.5256436875376  -80.426306   58.85425  -80.408472  58.866556  -80.416361  58.852389  -80.419639   58.85425
212606 322505 154754 212605      4    0.279937   17.324055    0.555042530565  -80.426306  58.849889  -80.408472  58.866556  -80.426306  58.864694  -80.571361  59.001333
213354 213355 120304  34076      2    1.207688    1.211088   0.5240085319861  -64.407917  11.712889  -64.398778  11.732056  -64.399194  11.732028  -64.398361  11.742889
213355 291033 213354  29961      3    1.211088    5.097959   1.1022244812311  -64.407917  11.712889  -64.390417  11.752056  -64.395833  11.752028  -64.420083   11.79125
214217 254467  66450  35808      2    1.658007    2.393607    0.586642461208   82.131611  75.982889   82.234972   75.99625   82.318389  75.976694   82.234972  75.984111
218056 218057  92866  43886      2    0.121206    0.777325   0.3946151380289  -64.434611  11.815417   -64.42625  11.822083  -64.440028  11.825417  -64.434611  11.820861
218057 254698 218056  28899      3    0.777325    2.131273   1.0086530295259  -64.447917  11.815417   -64.42625  11.832083  -64.429167  11.815417  -64.429167   11.79625
219789 219790  68151  47770      2    0.266889    0.326981    0.414657256294   82.558194  75.899556   82.598278  75.907917    82.60325  75.909556   82.593222  75.907917
219790 219791  70464 219789      3    0.326981    0.394387    0.554204318047   82.558194  75.899556      82.615  75.912917       82.62  75.907056   82.609778  75.909583
219791 254466 219790  16024      4    0.394387    2.105884    2.201454079667   82.558194  75.892861   82.688361  75.912917   82.603139  75.912917   82.583167  75.931222
220899 220900 113628  50531      2    0.130247    0.366532   0.3056594980018  106.621194   8.632861  106.628722   8.639583  106.632056   8.637472  106.628722     8.6375
220900 256714 220899  28278      3    0.366532    0.463055   0.9419258713118  106.621194   8.631222  106.642056   8.639583  106.622111   8.638333  106.618722   8.640806
221015 313937  98258  50856      2    6.462888   43.551233    0.321351502419  106.091222   8.575417  106.150417   8.609556  106.150417   8.606667   106.54375   8.653306
225189 225190  63543  61727      2    0.277597    0.419554    0.340226268402  -80.667333  59.000472  -80.655583  59.012972  -80.663028  58.997056  -80.659917  59.000472
225190 263155  64038 225189      3    0.419554    1.716171    0.504178331511  -80.667333  58.989861  -80.655583  59.012972  -80.659694  59.011889  -80.632528  59.018417
226141 265016 165887  64400      2    0.324964    0.806059   0.1820980730547  -80.677556  59.493639  -80.663278  59.501861  -80.663278  59.493806  -80.656139  59.487528
232409 232410 108272  83338      2     0.33636    0.595103   0.1729702209099  -80.611361  59.643583  -80.596861  59.649889  -80.610028  59.646417  -80.618722  59.643361
232410 261653 232409  19794      3    0.595103    1.194194   1.3322027550599  -80.637944    59.6255  -80.596861  59.649889  -80.596861  59.646139  -80.576639  59.649444
234413 234414 123217  90490      2    0.292588    0.603663   0.1451671249924  -80.419917  59.512278  -80.402194  59.519944  -80.402194  59.519222  -80.391833  59.520583
234414 274069 234413  28753      3    0.603663    0.785536   0.7643783286594  -80.419917  59.512278  -80.376611  59.529389  -80.419917  59.512806  -80.432222    59.5095
242022 278522 169498 121072      2    0.161023    0.275936   0.0692240606864  -80.767417  58.428694  -80.759889  58.434333  -80.759611  58.428972  -80.762417  58.430972
243073 243074 136420 126474      2    0.082138    0.089512   0.0926852484319 -170.355917  63.695361 -170.344194  63.697917  -170.35175  63.697917  -170.35175  63.698722
243074 266468 135975 243073      3    0.089512    0.243031   0.1357585602304 -170.355917  63.695361 -170.344194  63.700444 -170.353389  63.695361 -170.350056   63.69375
243172 271336 169246 126911      2    0.443066    1.349271   0.0640324674328  -80.217028  59.401444  -80.206722  59.408583  -80.217028  59.402528  -80.238389  59.407917
243607 274594 144998 128620      2    0.184551    0.421657   0.0845094675144  -79.987111  59.874056  -79.980861  59.879667  -79.983667  59.874056  -79.979194     59.871
245234 286610 136970 136532      2    0.247384    3.962968   0.0846272816278 -170.062556  63.645361 -170.050861  63.650417     -170.06  63.645361 -170.103417  63.615389
250085 297128 176486 162925      2    0.525148    1.842083  0.03151704830532  -80.515306  59.348778  -80.511722  59.357222  -80.513833  59.357222  -80.536694     59.369
250125 250126 169725 163162      2    0.276331    0.892675    0.035354377627  -80.452889  59.250278  -80.444167  59.254361  -80.428556    59.2545   -80.44425  59.254222
250126 314239 250125  16963      3    0.892675    7.966461    1.532631777887  -80.452889  59.250278  -80.400056  59.273722  -80.452889  59.250667  -80.575611  59.285306
254466 254467 219791 187827      7    2.105884    2.393607  107.671116367857   82.318139  75.892861   83.285056  75.990417   82.234972  75.984111   82.318389  75.976694
254467 290613 214217 254466      9    2.393607    5.990096  108.257758829065   82.131611  75.892861   83.285056   75.99625   82.136694  75.992056          82  75.949583
254698 291033  25420 218057      4    2.131273    5.097959   1.7688200491159  -64.447917  11.790389  -64.418722  11.832083  -64.420083   11.79125  -64.395833  11.752028
256714 256715 220900 195658      7    0.463055    1.221493  68.7314450907848   106.54375   8.627056  106.674583   8.759556  106.665833   8.680389  106.664167    8.69125
256715 256716 194993 256714      9    1.221493    1.255367   76.761089634475   106.54375   8.627056   106.71625   8.759556  106.592472   8.732917  106.599139    8.72375
256716 290156  51087 256715     10    1.255367    1.908315   77.000379539074   106.54375   8.627056   106.71625   8.759556  106.561667   8.688694  106.550806   8.702083
261653 283712 232410   5120      4    1.194194    3.555583  12.9974591057599  -80.637944    59.6255  -80.497667  59.698333  -80.497667  59.689944  -80.436861  59.680972
263155 263156 225190 204591      5    1.716171    2.201575   1.8403118690474  -80.667333  58.989861  -80.602556  59.024778  -80.572833  59.006722  -80.606333  59.016444
263156 285577  60993 263155      6    2.201575    2.692319   2.0180470445684  -80.667333  58.989861  -80.567306  59.024778  -80.608667  59.024778  -80.603306  59.048833
265016 314238 226141 198581      4    0.806059    7.059361      3.7903581134  -80.681222  59.455417  -80.605083  59.503333  -80.605639  59.500944  -80.497083  59.469444
265730 285577 199759 196104      6    0.867352    2.692319  10.7442401386078     -80.625  59.048833  -80.530694    59.1135  -80.603306  59.048833  -80.608667  59.024778
266467 266468 108880 183407      4    0.182276    0.243031  4929.54692670739 -171.854306  62.937056  -168.68975  63.787917 -170.350056   63.69375 -170.353389  63.695361
266468 266469 243074 266467      7    0.243031     0.33243  4929.68268526762 -171.854306  62.937056  -168.68975  63.787917 -168.889333  63.331806 -168.888611  63.334778
266469 266470  73291 266468      8     0.33243     0.50182  4929.81312197237 -171.854306  62.937056  -168.68975  63.787917 -169.524945  63.080459 -169.517528  63.077444
266470 286610 116861 266469      9     0.50182    3.962968  4929.87193414443 -171.854306  62.937056  -168.68975  63.787917 -170.103417  63.615389     -170.06  63.645361
271335 271336  61360 198709      7    1.157647    1.349271   5.9931557756532  -80.320139  59.357833  -80.237806  59.431306  -80.238389  59.407917  -80.217028  59.402528
271336 296111 243172 271335      9    1.349271    3.155205    6.057188243086  -80.320139  59.357833  -80.206722  59.431306  -80.246972  59.430306  -80.192722  59.436944
273230 307442 191446 185880      5    1.555329   34.105992  358.993931002638    81.60825  75.062056      82.365  75.514583   82.059972  75.514583   81.786694   75.81375
274069 274070 234414 193604      6    0.785536     0.83647  14.4253831230744  -80.502917  59.389944  -80.376611  59.529389  -80.500528  59.459528  -80.509083  59.453389
274070 274071 210097 274069      9     0.83647     1.11944  20.3659398417037  -80.547528  59.389944  -80.376611  59.529389  -80.560694  59.402833  -80.546639  59.409917
274071 274072 197690 274070     14     1.11944    1.206601   36.307351290795     -80.631  59.276667  -80.376611  59.529389  -80.609194  59.329778  -80.588111  59.328333
274072 274073  21568 274071     15    1.206601    1.471981   37.305217536959  -80.638694  59.276667  -80.376611  59.529389  -80.617278  59.266083  -80.606111  59.278028
274073 297128 197795 274072     18    1.471981    1.842083   41.818739282127  -80.659139  59.227389  -80.376611  59.529389  -80.536694     59.369  -80.513833  59.357222
274406 274407  24037 187105      3    1.606272    2.547447  159.080994896336  -65.422944  10.883722  -65.197056  10.994583   -65.39625  10.950833  -65.414611  10.964972
274407 363737 209045 274406      5    2.547447   77.614639  160.527034525713  -65.438778  10.883722  -65.197056  10.994583  -65.422944    10.9175   -66.04625    10.5825
274594 296838 243607 188102      4    0.421657    3.295748  93.5506292748004  -80.170611  59.759333  -79.911389  59.882528    -79.9125  59.850444  -79.889806  59.877806
275039 363735  30621 185626      3   33.036926   76.954482  430.972612455366  121.273722 -10.826278  121.999583 -10.425444  121.993778 -10.525056  122.640417 -10.799167
278282 293608  33689 210260      3   17.010466   47.854289    1.734811469104  108.901222   9.968722  109.093722   10.05625  108.905833   10.05625  108.969139  10.482083
278521 278522 105703 202318      4     0.19592    0.275936  1.88376055647466  -80.821333  58.408056  -80.754639  58.429194  -80.762417  58.430972  -80.759611  58.428972
278522 278523 242022 278521      6    0.275936    0.623729  1.95298461716106  -80.821333  58.408056  -80.754639  58.434333  -80.794028  58.419222  -80.804222  58.420944
278523 324146 133985 278522      7    0.623729   50.340431  1.99796453032096  -80.821333  58.408056  -80.754639  58.434333  -80.761083  58.434333  -80.415861  58.849889
283712 300084 261653 193179      6    3.555583    3.591251  26.5069536014098  -80.637944    59.6255  -80.361194  59.714028  -80.361694  59.709028  -80.305472  59.693583
285577 320856 263156 265730     12    2.692319   11.623826  12.7622871831762  -80.667333  58.989861  -80.530694    59.1135   -80.54725    59.1135  -80.639944  59.206611
286610 303660 245234 266470     11    3.962968    7.261822  4929.95656142606 -171.854306  62.937056  -168.68975  63.787917 -168.866639  63.144917 -168.823167  63.082639
290156 298538 206758 256716     12    1.908315    3.073995  78.0578550899852  106.540361   8.627056   106.71625   8.759556  106.716222   8.669167  106.737917   8.686611
290613 298462   1677 254467     10    5.990096    7.058129  185.191975368565   81.678194  75.849556   83.285056   75.99625   81.909889  75.879556   81.780056  75.824583
291033 297652 213355 254698      7    5.097959   12.269261    2.871044530347  -64.447917  11.712889  -64.390417  11.832083  -64.447917    11.8275  -64.559611  11.842472
293608 363729 278282 192096      5   47.854289   72.540576   20.998410229004  108.901222   9.968722  109.093722   10.55125  108.932528   10.54875  108.710833  11.163722
296111 318067 102313 271336     10    3.155205    8.951675   6.1315779409082  -80.320139  59.357833   -80.18775  59.440278      -80.32  59.382139  -80.473389  59.401667
296838 296839 195913 274594      7    3.295748    3.464001   105.78901706376  -80.170611  59.759333  -79.833944  59.961278  -80.151389  59.763611    -80.1575  59.732611
296839 296840 189354 296838     10    3.464001    3.516865  155.395513245437  -80.331611  59.627472  -79.833944  59.961278  -80.243833  59.770778  -80.229611  59.739972
296840 296841  22137 296839     11    3.516865     3.55462  156.350456824232  -80.331611  59.627472  -79.833944  59.961278  -80.313333  59.783417     -80.255  59.770778
296841 300084  94192 296840     12     3.55462    3.591251  156.436311095683  -80.331611  59.627472  -79.833944  59.961278  -80.305472  59.693583  -80.361694  59.709028
297128 297129 250085 274073     20    1.842083    1.875063  41.8502563304323  -80.659139  59.227389  -80.376611  59.529389  -80.624056  59.227611  -80.639111  59.212611
297129 304459  37809 297128     21    1.875063    3.063727  42.2449066493083  -80.659139  59.205444  -80.376611  59.529389  -80.381583  59.529278  -80.338389     59.546
297652 363727 291033   1810      8   12.269261    71.93974   68.643205140947  -64.649583  11.712889  -64.390417  11.904583  -64.405833  11.712889  -64.298333  11.074556
298462 307442  15403 290613     11    7.058129   34.105992  186.956945174045   81.678194  75.813722   83.285056   75.99625   81.786694   75.81375   82.059972  75.514583
298538 307459  18525 290156     13    3.073995    6.114065  79.3601696422352  106.540361   8.627056  106.749556   8.759556  106.674583   8.752472  106.724556   8.776639
300084 306640 283712 296841     18    3.591251    5.927937  182.943264697093  -80.637944    59.6255  -79.833944  59.961278  -80.327306  59.627472  -80.283444     59.579
303660 310216 210203 286610     14    7.261822   26.507458  4931.13598265433 -171.854306  62.937056  -168.68975  63.787917 -169.313333  63.352917 -169.203417  63.586194
304459 306640  12102 297129     22    3.063727    5.927937  44.9066148314683  -80.659139  59.205444  -80.279833  59.579111  -80.283444     59.579  -80.327306  59.627472
306640 314238 304459 300084     40    5.927937    7.059361  227.849879528561  -80.659139  59.205444  -79.833944  59.961278  -80.497083  59.469444  -80.605639  59.500944
307442 363734 298462 273230     16   34.105992   75.207177  545.950876176683    81.60825  75.062056   83.285056   75.99625   82.161528  75.063333   84.221111  74.653306
307459 313937 103976 298538     14    6.114065   43.551233  79.4328381885094  106.540361   8.627056  106.749556   8.778778   106.54375   8.653306  106.150417   8.606667
310216 363730 146321 303660     15   26.507458   72.628533  4931.17121284504 -171.854306  62.937056  -168.68975  63.787917 -171.738333  63.786222  -172.23675  64.402028
313937 363736 221015 307459     16   43.551233   77.425434  79.7541896909284  106.091222   8.575417  106.749556   8.778778     106.145   8.609556  105.905833   9.264556
314238 314239 265016 306640     44    7.059361    7.966461  231.640237641961  -80.681222  59.205444  -79.833944  59.961278  -80.575611  59.285306  -80.452889  59.250667
314239 318067 250126 314238     47    7.966461    8.951675  233.172869419848  -80.681222  59.205444  -79.833944  59.961278  -80.473389  59.401667      -80.32  59.382139
318067 320856 296111 314239     57    8.951675   11.623826  239.304447360756  -80.681222  59.205444  -79.833944  59.961278  -80.639944  59.206611   -80.54725    59.1135
320856 322505 285577 318067     69   11.623826   17.324055  252.066734543932  -80.681222  58.989861  -79.833944  59.961278  -80.571361  59.001333  -80.426306  58.864694
322505 324146 212606 320856     73   17.324055   50.340431  252.621777074497  -80.681222  58.849889  -79.833944  59.961278  -80.415861  58.849889  -80.761083  58.434333
324146 363731 278523 322505     80   50.340431   73.047709  254.619741604818  -80.821333  58.408056  -79.833944  59.961278  -80.408472  58.863083     -79.141  58.823667
363726 363727 354944 363725 152486   70.392504    71.93974  124951205.355686        -180 -55.980472         180  83.633389  -64.298333  11.074556  -64.405833  11.712889
363727 363728 297652 363726 152494    71.93974   72.476678  124951273.998891        -180 -55.980472         180  83.633389   52.233306  25.032083   52.407528  25.664583
363728 363729 201700 363727 152496   72.476678   72.540576  124951276.688139        -180 -55.980472         180  83.633389  108.710833  11.163722  108.932528   10.54875
363729 363730 293608 363728 152501   72.540576   72.628533  124951297.686549        -180 -55.980472         180  83.633389  -172.23675  64.402028 -171.738333  63.786222
363730 363731 310216 363729 152516   72.628533   73.047709  124956228.857762        -180 -55.980472         180  83.633389     -79.141  58.823667  -80.408472  58.863083
363731 363732 324146 363730 152596   73.047709   73.396522  124956483.477504        -180 -55.980472         180  83.633389    -147.337  59.881472 -146.313389  59.470833
363732 363733   5424 363731 152597   73.396522   74.100802  124956493.996047        -180 -55.980472         180  83.633389  150.959917  75.137889  152.310028  75.711222
363733 363734 188437 363732 152599   74.100802   75.207177  124956580.634535        -180 -55.980472         180  83.633389   84.221111  74.653306   82.161528  75.063333
363734 363735 307442 363733 152615   75.207177   76.954482  124957126.585411        -180 -55.980472         180  83.633389  122.640417 -10.799167  121.993778 -10.525056
363735 363736 275039 363734 152618   76.954482   77.425434  124957557.558024        -180 -55.980472         180  83.633389  105.905833   9.264556     106.145   8.609556
363736 363737 313937 363735 152634   77.425434   77.614639  124957637.312214        -180 -55.980472         180  83.633389   -66.04625    10.5825  -65.422944    10.9175
363737 363738 274407 363736 152639   77.614639   79.568441  124957797.839248        -180 -55.980472         180  83.633389  130.335833   -2.96875  130.381722  -2.254639
